0,1,2,3,4,5
0.17100755763472344,0.2183617829284696,0.18163218724819022,0.20907356609555083,0.07127969048455766,0.1486452156085083
0.10639633106936869,0.22764013013221765,0.20895148752265577,0.2687418463372259,0.045782179569860845,0.1424880253686711
0.15454592364067432,0.17513099008209332,0.1875050139687535,0.1704080768561595,0.06644564207101167,0.24596435338130768
0.20523871290638515,0.20791166676329545,0.2359027169439227,0.08242868663234182,0.18796906036927027,0.0805491563847848
0.13630291474769352,0.2783785555180355,0.20837385066948239,0.14957669173083055,0.12095217788868587,0.10641580944527215
0.1450985314113391,0.17824337333559323,0.2577635150175227,0.20169349384385724,0.06209828167380279,0.15510280471788485
0.2176591787232562,0.19405133506878086,0.14701552208648713,0.23381755122363623,0.05435091263025022,0.15310550026758943
0.18945813773979778,0.24749383491120217,0.21601308312388312,0.12909389705128724,0.12908912667719216,0.08885192049663751
0.20385383632054288,0.2257840355491848,0.15637079340913718,0.18456256992884923,0.07816699004090044,0.1512617747513856
0.15441688255039404,0.12680161544401877,0.24428528693746718,0.23233985337252713,0.06758252833682658,0.1745738333587664
0.16950370259599765,0.16576977770832899,0.12496655346849837,0.17356696143787578,0.08886658355558726,0.277326421233712
0.12772436135440787,0.24769655057948245,0.21968950363474837,0.12957322803293864,0.08395359064509156,0.1913627657533312
0.13579304488185906,0.339428066926997,0.15357450163737166,0.13042820336267902,0.12548042162988504,0.11529576156120805
0.1360405548626996,0.16801490258033283,0.1780549118803947,0.2208436253953056,0.05491855254576877,0.2421274527354986
0.11300783575601804,0.4067313694280686,0.12776904141677234,0.12145076745738727,0.060763990791681925,0.17027699515007183
0.13430874439687923,0.12256498509882857,0.2284722645805712,0.27259603339444805,0.028031198303823817,0.21402677422544925
0.18547048817364922,0.21865132976373358,0.17268930789946263,0.13638041642630996,0.16199953619192234,0.12480892154492242
0.0974172428424393,0.1127728090048523,0.28803828787155555,0.2396320258974276,0.040140387007081765,0.22199924737664342
0.15770331546540564,0.22331791624095174,0.16322393656053616,0.16511919574063338,0.10434140679861788,0.18629422919385533
0.12661939010875006,0.17556784114099172,0.1759543607254155,0.24963786942325616,0.032324400418671406,0.2398961381829152
0.14402282181965734,0.20112368708731504,0.2173878202725437,0.17757827440679985,0.10709156178613288,0.15279583462755128
0.15434350615536124,0.16392052306325594,0.164816571859026,0.17973865570236083,0.07339681638172825,0.2637839268382677
0.13573959533404825,0.15253025919267274,0.16416344457589507,0.22154666219567654,0.07605684131302091,0.2499631973886865
0.10911889890182284,0.19793434646802655,0.18262274127526193,0.2467567500056231,0.06873887144929026,0.19482839189997542
0.24895264352639201,0.24294694163502217,0.177091954211888,0.1182122038793448,0.1244134844393332,0.08838277230801993
0.12317383519671586,0.15899610624376576,0.13242018337528974,0.20185926334198348,0.09282864312361631,0.2907219687186289
0.1815616004828077,0.26833171719946947,0.18282534424996885,0.09794397676913608,0.13876111663034765,0.13057624466827014
0.24390922194626524,0.18599181463339823,0.24125700571072325,0.16881147508919217,0.06608227216951706,0.09394821045090407
0.30829175419531124,0.21842851022613263,0.19963435051183634,0.1066273269940126,0.1104393946294059,0.056578663443301154
0.11193534085018644,0.10900678057166568,0.2500404772383542,0.3098534665548681,0.030513824460592278,0.1886501103243332
0.10227949148919667,0.2232639164498612,0.1494861698413881,0.15762916530865917,0.07555756846984335,0.2917836884410515
0.20517307365463766,0.2586879496630378,0.14142719775542834,0.15419805365021894,0.12661715106128052,0.11389657421539669
0.11500235012081013,0.37589416355657035,0.15405340324479322,0.10480411854862444,0.1315868189835332,0.11865914554566853
0.1420395730866129,0.1197782068250893,0.27653300166927947,0.1943537881265326,0.057943479339317094,0.2093519509531687
0.11667558801142423,0.14388743056073935,0.15933819609999733,0.33965405199741666,0.04627811160917631,0.194166621721246
0.20929468248867816,0.2336743437888282,0.21621303042424134,0.11755900183805085,0.12489270421115871,0.09836623724904278
0.261536319874016,0.22310504209149398,0.1847430140028202,0.13454045134950196,0.0884163449038898,0.10765882777827813
0.3107155139147079,0.1796411858936841,0.16935954169379472,0.11624559959936036,0.13874102589694046,0.08529713300151236
0.1614868434349607,0.22480418726498508,0.25661050053148704,0.17303467086905103,0.08879053013865314,0.09527326776086312
0.14358559320147954,0.0902600167169647,0.3188132733494118,0.2791246413693419,0.037486731620290974,0.13072974374251106
0.18912213027463254,0.3415814580069398,0.1426365762244724,0.09590363523851422,0.10586106049152613,0.12489513976391507
0.26823931604911116,0.17577805488346404,0.22309256536903085,0.128010430573339,0.1257397400202106,0.07913989310484432
0.17325250438222728,0.15996736806144057,0.22509532772287374,0.21801297662870944,0.06601851551008775,0.15765330769466124
0.14947675396337254,0.2222923116495053,0.2193076657831135,0.16167383354126494,0.10616763049689058,0.14108180456585306
0.14015143829675206,0.17453073871735036,0.1933427572818839,0.2189772810302353,0.06854241598569526,0.20445536868808312
0.12398405653026526,0.1880655803580811,0.2891663693620164,0.21701091920064425,0.02800503092763259,0.15376804362136023
0.21402056290351218,0.18312014082753492,0.15891601091125496,0.11272573221233484,0.18131157928941966,0.14990597385594348
0.1755957083200721,0.1549144696508469,0.22102654977909125,0.2492582092726125,0.04243156812910158,0.1567734948482757
0.28278435102864735,0.20899554858280814,0.18410987799551473,0.1667998444734055,0.05667978244282254,0.10063059547680175
0.2511399224923284,0.15316830013756033,0.18983289706626844,0.1607009764121742,0.12489407898724285,0.12026382490442586
0.22287635147438298,0.24502710447014436,0.17628850131916796,0.17550232159191403,0.051974329830302084,0.1283313913140886
0.18389378303644466,0.21123974850303778,0.21752821403475603,0.12688683352409208,0.1233143250089504,0.13713709589271908
0.15638748481338116,0.15551316171178065,0.2736984244429399,0.17788099267498775,0.05295523159598884,0.1835647047609217
0.09898785451167927,0.08698774530778358,0.27800716236019485,0.2063584123605954,0.04419493490025613,0.28546389055949084
0.21855272050079166,0.15509298655596707,0.15566715081676297,0.21789253043748688,0.0823494449195583,0.17044516676943317
0.21760669782165054,0.15207901041377384,0.2798967116870708,0.18769266070914062,0.052314814547183036,0.11041010482118116
0.12744854344390294,0.17616985045007827,0.27695177037561447,0.16678615870781566,0.056740052341707474,0.19590362468088107
0.16008281864906135,0.20573844677294595,0.30275576094100487,0.16810048186552448,0.04777442926861395,0.11554806250284946
0.1819827674662431,0.1853774642622355,0.2767009571068246,0.1290681108741979,0.12068502339841189,0.10618567689208702
0.1962003767813827,0.12015377017019398,0.19524602950786724,0.2799843366984884,0.05363449300422387,0.15478099383784386
0.23510781885290957,0.239546553254481,0.18879706036154129,0.11654509606766188,0.08790250667028952,0.13210096479311687
0.1430600213562231,0.31749588954365504,0.20203153110337438,0.09699137385469704,0.14020345872309878,0.10021772541895152
0.1754070450238442,0.2538637785415768,0.1501621073894449,0.14593381600717154,0.10033977694772608,0.17429347609023646
0.20894416864806728,0.27356554298568436,0.17352761161127125,0.09657422319787276,0.1359254365131065,0.11146301704399779
0.16509748990192655,0.1755547523072034,0.30874605740704186,0.1598278181019544,0.08556394267311897,0.1052099396087548
0.18127915073491452,0.12321216225432775,0.35764635354453655,0.21191785180686093,0.031065702956508148,0.09487877870285219
0.2398049740395951,0.23533975078014907,0.19476287008622972,0.09541147821543243,0.1721013039450197,0.06257962293357387
0.15786744521357024,0.19512802906718668,0.20403119519302718,0.17243872059568457,0.0544396851540423,0.2160949247764891
0.15837619548134485,0.356043683483815,0.1945030633777091,0.09604362223322455,0.09887594239847255,0.09615749302543401
0.07283263911686921,0.08803393289672709,0.3413885201520056,0.285722173785404,0.015687400064871775,0.19633533398412237
0.12090392286457434,0.15241769194433685,0.18763420621093585,0.2537338575979149,0.04233709126562052,0.24297323011661756
0.13906336144603135,0.18850278271930174,0.2069603022426822,0.15176843299275555,0.18687528291717198,0.1268298376820571
0.19704637975355896,0.22533690101474413,0.1763461524940992,0.1567694467735857,0.10653514639115129,0.1379659735728609
0.15359130670433627,0.13295885129880128,0.1601347980619175,0.28146092572681825,0.04188747182645124,0.22996664638167547
0.21438064242849136,0.1978098530749839,0.1797353000131656,0.1825649017142066,0.07740656113942856,0.148102741629724
0.16753064938025397,0.1839957685321872,0.16616252665904163,0.25600025800006276,0.06327036750291219,0.16304042992554232
0.17301802729616444,0.22795640219708665,0.13505790353891706,0.19234544120477962,0.05071217761676111,0.22091004814629103
0.24952650062190268,0.23775239849098964,0.1392403592916536,0.13716357275207489,0.09700212981809225,0.13931503902528689
0.13281409679801912,0.12059323659919648,0.3322118643100097,0.19071033527055464,0.04282060246614687,0.1808498645560731
0.27359542742736476,0.1469159607494107,0.1754901820512038,0.1616337364296715,0.08672790466976141,0.15563678867258784
0.12165979768496549,0.09192859942413283,0.1964675292530648,0.3087435022958163,0.03469876754807581,0.2465018037939447
0.09403950163617772,0.26461027030373907,0.17500713797187226,0.2736720575722606,0.06349626048615867,0.1291747720297917
0.09216815947450438,0.09596156972684375,0.15203174648082488,0.4522973020136278,0.0222822850026417,0.18525893730155757
0.09554958144860094,0.4982420461432935,0.09505235847106089,0.08345246592753496,0.05497262894706776,0.1727309190624419
0.14217829090815304,0.16910194306332474,0.26039683724937984,0.2583494855778756,0.031894950123930114,0.1380784930773367
0.10572983617465075,0.11829962095765391,0.1955228203917931,0.2647490435431697,0.05649214202594696,0.2592065369067855
0.25536522485016716,0.21417450443270042,0.2096658461530888,0.1277527456659563,0.11120054636851791,0.08184113252956955
0.11934909796174338,0.18612599419939183,0.26914101131975066,0.2042558534176909,0.07984211588979433,0.14128592721162894
0.2526615445287927,0.22075144757964713,0.1493402434336648,0.13954860924671425,0.08615803739779357,0.15154011781338753
0.17915961704135472,0.299330783999574,0.16215131049450718,0.10249828301889949,0.13219482340107205,0.12466518204459266
0.24333915670114536,0.16735972366642846,0.20227045501172428,0.19313433032758637,0.07884875817674344,0.11504757611637216
0.1462537647541562,0.20864830211496443,0.1974894863191165,0.20766081881300838,0.08705859863293477,0.15288902936581975
0.14730891817625594,0.19085828775191116,0.17881599474680096,0.269553203807232,0.07607562159661795,0.13738797392118188
0.21581926540409127,0.20495393005075477,0.22167822332588552,0.1408089107097559,0.1098498303066106,0.10688984020290211
0.08598369234196834,0.1721266120931744,0.1844854182617848,0.24019914970072015,0.06981821160178941,0.2473869160005628
0.19668895635417713,0.22447672187993098,0.19306422296531878,0.16494407371301237,0.09080738248767352,0.13001864259988732
0.10810618082043097,0.23386893808246728,0.157289739186214,0.2908246643675647,0.052821384811470286,0.15708909273185281
0.17855635653105023,0.21774872950345683,0.14097179027023687,0.22355666693024542,0.048709702930971474,0.1904567538340393
0.1542205656844727,0.14869647704622946,0.15564312870963498,0.2973939124059451,0.05585513273229693,0.1881907834214208
0.22568575892620557,0.24639706367465836,0.21133185165277987,0.12276417487181594,0.1054151958603851,0.08840595501415513
0.13339123416366142,0.18692032179008802,0.13121739209823624,0.1936101700776051,0.06708855727592807,0.2877723245944811
0.08618212352548604,0.07349046978954187,0.3325960376277403,0.2776291234682988,0.02125150431970196,0.20885074126923106
0.15895206483476404,0.11601934094600144,0.1775926450872952,0.36138589032406515,0.03336212201201344,0.1526879367958607
0.16220074774499216,0.2544716390180008,0.28015667479162776,0.14565750594333918,0.05322684693886474,0.10428658556317519
0.17621809855048445,0.24626630401968452,0.14597124652338492,0.2254970315228164,0.0729601917525831,0.13308712763104666
0.12701123683580032,0.25665727224637624,0.16181986577652993,0.16487831083526458,0.14194409797025476,0.14768921633577423
0.20263994200328764,0.20738965709907176,0.24650526936765188,0.10399024041416198,0.11735230836297972,0.12212258275284713
0.11073040255847862,0.17047288176488723,0.17900400646288692,0.2345802209100362,0.07385596477481096,0.2313565235289001
0.16267506422207864,0.1555735094747957,0.21518547943986563,0.18841692775276397,0.06950110421894058,0.20864791489155549
0.1253120505723811,0.23275720199658972,0.13773755968376633,0.11012938391408827,0.28942290315547997,0.1046409006776946
0.1592661735342652,0.2545879601340198,0.27059963678236476,0.14817752771102033,0.0691123215147896,0.09825638032354019
0.18298168088941333,0.1897480882855524,0.15254923150444566,0.12212380138361925,0.1461685829419895,0.2064286149949798
0.18554939155973574,0.2553379218736892,0.1917257057361363,0.0992651702207207,0.1392032378298635,0.12891857277985452
0.21947610564281464,0.16800734110288948,0.2721797074700684,0.1542114697092344,0.05081262869816747,0.13531274737682567
0.21212211960450275,0.26461512846435087,0.13100971649791082,0.14766610775431152,0.1361021857261821,0.108484741952742
0.13019302254289936,0.14342657469579126,0.21491360757435132,0.2891880228638126,0.02710745266201663,0.1951713196611289
0.1313923362925215,0.13991042868063608,0.15497520186834346,0.21851559956436645,0.057943275537176424,0.297263158056956
0.18192992441308886,0.12222813049449537,0.3056015417638653,0.2079666825607563,0.07150399035968834,0.11076973040810571
0.12401304557453238,0.1778322358321734,0.26902976731286177,0.18301833557094216,0.10827497343384258,0.1378316422756478
0.2292239621261814,0.19582777607688892,0.23713013596126184,0.11870734011919826,0.1427294955223287,0.07638129019414072
0.2436847253031746,0.1957707829247227,0.19347740368801575,0.1404300533107519,0.12191935156836861,0.10471768320496655
0.20167282381097204,0.18104558833604165,0.30091379383569483,0.13214387510358042,0.06604428004139971,0.11817963887231127
0.16093148740303456,0.16289324863631488,0.1681824870090505,0.25645215512692354,0.0693905147630704,0.18215010706160611
0.3008870237947922,0.19779003259482103,0.16971877691596488,0.09368779416332478,0.1864059374332415,0.05151043509785553
0.1721136531077826,0.18778378852550534,0.2302320250517876,0.22864450268472883,0.04917438802940232,0.13205164260079333
0.12513312022913908,0.3474639776498709,0.18155767209144505,0.1638500394129587,0.056495364567079404,0.12549982604950696
0.11466631584068819,0.3898582156062421,0.16369773656111988,0.08669527722625457,0.09905762734546379,0.14602482742023143
0.12857889086277063,0.2503262372518854,0.19635510318499394,0.18442928014295157,0.09014790762185086,0.1501625809355476
0.1446201563437976,0.23421561559093682,0.31302683546969445,0.14814245061536094,0.08249724869698206,0.07749769328322824
0.19285588730166803,0.1428622753174092,0.26602301188049604,0.21417951790544837,0.04367638302098645,0.14040292457399184
0.18972307927888424,0.22227220280728718,0.21531379604097617,0.11122838105295359,0.195795699724994,0.0656668410949048
0.2000167452826313,0.2605539991519045,0.14822732037447464,0.1117584263730401,0.1798613075372888,0.09958220128066057
0.10262903704297165,0.17727907150004932,0.2176560089758891,0.20116488831742588,0.08994324647703693,0.21132774768662704
0.19723478380464834,0.3262899509943969,0.14446411137228538,0.10012922433530072,0.15856455053970156,0.0733173789536671
0.14475738537047997,0.23815629705184815,0.18431654756831342,0.13857702928517676,0.08869672732278513,0.20549601340139653
0.1331448793994486,0.16968566233404578,0.1367625024994918,0.26001380530368406,0.08369651840614507,0.21669663205718462
0.1411431226535767,0.28556302824749663,0.1198702731897288,0.14295926670031847,0.12913878372429757,0.18132552548458186
0.15758744148715115,0.14902650045518331,0.21062304686566163,0.23625416533341156,0.04165860736988545,0.204850238488707
0.2180753411787513,0.21339208668697712,0.21934630051161763,0.10763513449896739,0.08176606843126157,0.15978506869242506
0.14467462988760868,0.22512630972543243,0.24533531831687813,0.1396086367261757,0.14146851778686884,0.10378658755703611
0.16397111090284147,0.27283272772390227,0.14153700783967282,0.14487686320334447,0.10212931913735268,0.17465297119288636
0.16086109736096416,0.29632078438946696,0.17499023648412373,0.14514041592550428,0.09591457998998769,0.12677288584995308
0.1834698277124124,0.20021692991463239,0.22669618903237929,0.14577489905096916,0.11372686840898873,0.1301152858806179
0.1567326484076181,0.18742104589755437,0.1717333052049063,0.21803609977904337,0.05287041536110882,0.21320648534976894
0.0728781183405021,0.5548934802911764,0.13737926030095327,0.07184755616317642,0.09020421593196368,0.07279736897222822
0.12429743197615897,0.12251315097383962,0.252887195087232,0.22614909451824447,0.05307016643238147,0.22108296101214353
0.1570256606861569,0.19396647952151358,0.29111861327138244,0.183199118092545,0.06583181086358825,0.10885831756481384
0.19598568649621725,0.17739516211368672,0.253757140847773,0.17691252883860628,0.06358843521717228,0.13236104648654443
0.12434656088324339,0.29145091499573283,0.1429868287688371,0.1928310647679849,0.08360704188131067,0.16477758870289105
0.21089669744777184,0.24171300953895636,0.16065745025324396,0.17092884537634892,0.12113798490805323,0.09466601247562549
0.2514659123605608,0.20844544433489196,0.21492408293630916,0.11082345987631496,0.09187082854980341,0.12247027194211967
0.17608523381545807,0.1527485700691834,0.2937917555648676,0.22981639858328107,0.04210494706903878,0.10545309489817112
0.12760664678639694,0.3538089585119914,0.1386553260046189,0.1476021078132709,0.10868552460306963,0.12364143628065236
0.09851163688550414,0.12886638984571763,0.18565011777077903,0.2854059467869188,0.041603307509361614,0.2599626012017188
0.12933739336042746,0.42432602515999945,0.152618581094402,0.12798475233000736,0.07316620217722089,0.09256704587794282
0.09060281215894968,0.1609755307784329,0.17164658680122805,0.2894132500334358,0.03518685982063822,0.25217496040731535
0.25081104049768965,0.2119300989701465,0.24976339071387585,0.08288104456422825,0.10116615237854022,0.1034482728755194
0.0823723441580174,0.15429611660556078,0.15250033158705462,0.4149825884974817,0.03266518903162302,0.16318343012026248
0.22362984738282127,0.18589180183129234,0.26932158188537225,0.10185697799383805,0.11666831307271829,0.10263147783395779
0.10263224119909989,0.1812286885707022,0.12097733432479668,0.23470557327177213,0.06305794435655827,0.2973982182770707
0.12531461240836494,0.2442516571735086,0.1747057478622761,0.2156407352345376,0.06258541887289339,0.1775018284484193
0.09954123766309471,0.07763236590863475,0.25768426718568443,0.34353410095536707,0.04492114156358948,0.17668688672362956
0.1201248262655437,0.15690988262429625,0.26685855015711046,0.2340197680937419,0.04184988723905568,0.1802370856202519
0.14083077575255465,0.25467834105080595,0.20336921129029883,0.1535680341258916,0.12354148892245555,0.12401214885799351
0.07823752057864237,0.19790461255078673,0.17123495002211006,0.2525187190599204,0.06533483289879492,0.23476936488974556
0.11524508525629451,0.21552457228631494,0.10385825735956489,0.2756488980867108,0.06731502436567612,0.2224081626454389
0.25143840882794355,0.1482165100432465,0.24960532724924947,0.1788426606484391,0.06624000253547485,0.10565709069564652
0.08988959914120899,0.17883147226549054,0.13995960563510731,0.3088305096150717,0.042669515379650844,0.23981929796347085
0.11942024212803201,0.2671040174388507,0.1444156106713016,0.1596823637527049,0.1396312350194135,0.16974653098969728
0.19104201867224205,0.17269022016034694,0.2841938067929326,0.1841568803952027,0.0691235397948985,0.09879353418437725
0.12674270700950263,0.129941625341713,0.221555336321997,0.24557207096574482,0.04354357558797479,0.23264468477306785
0.20417062841109435,0.1814575330351872,0.2217694425162636,0.19850228780174206,0.05155446692832556,0.1425456413073873
0.0732983234124685,0.1456969653891144,0.2363920048722579,0.2605869004536961,0.022482996307911448,0.26154280956455167
0.14845700889155722,0.30609512631413704,0.16167339592859387,0.21833800786928026,0.05555458817927789,0.10988187281715363
0.1491775655240503,0.16669287455748114,0.23813143785098703,0.1648296057823171,0.04017991913432646,0.2409885971508379
0.08493786733881274,0.19084963193036886,0.17350567197776715,0.253152091322061,0.06730840882343073,0.23024632860755953
0.19374067294994862,0.21422998965354564,0.2598631391960764,0.14714667835786457,0.0746321130657009,0.11038740677686387
0.10843981317510142,0.1838939415990255,0.10760240987368622,0.22035805406190775,0.16842302264152118,0.211282758648758
0.17856304419322774,0.16498128435058124,0.2701594107961306,0.20336622554587125,0.06352959711225122,0.11940043800193793
0.1532229733850325,0.24620718414257772,0.16268520880686135,0.161675478429366,0.09269887996826674,0.18351027526789568
0.16300859822750055,0.18166623267467777,0.1931570333843813,0.2578084941108104,0.06617700149593585,0.13818264010669404
0.08452243306347562,0.0911182828705887,0.26659092270717155,0.35938342265046336,0.020577520456672896,0.1778074182516279
0.14135366155544105,0.17335116629410183,0.19294906345912152,0.22841989748836314,0.05137618563295622,0.21255002557001607
0.14695093098820777,0.1462773550976329,0.22999550545469627,0.17094084276973673,0.0541478801732889,0.2516874855164375
0.17731807260410004,0.19474751928436201,0.16897783938693475,0.19357673417635962,0.07013679761992614,0.1952430369283174
0.1443604970379411,0.1921610656226377,0.11538434126122535,0.22132806065568472,0.06725666804427143,0.2595093673782397
0.2399654455089368,0.2366742658044752,0.1517409368484519,0.15504170412711563,0.12392449653284594,0.09265315117817453
0.11660774528433931,0.13886854738477247,0.29308924830352756,0.21315885148134334,0.035064355581859885,0.20321125196415735
0.16048048547541605,0.21066194588588055,0.26588453458400046,0.20061844731125267,0.062494448192329716,0.0998601385511206
0.1517149936002953,0.2395777585809478,0.1994122738057057,0.180824300475267,0.0804356395924123,0.1480350339453719
0.09253522656863702,0.17317162413488604,0.22356238679426366,0.22683353760481362,0.05002252559112197,0.2338746993062777
0.08570706719556574,0.1436542487610579,0.2203989549568264,0.33478559334653507,0.019093365726851722,0.19636077001316332
0.1512209703146448,0.20672162057478444,0.13831294750108608,0.17157811225835767,0.17904898481412296,0.15311736453700406
0.16132724058143258,0.17491937747330155,0.27375423802463383,0.22731371207421192,0.06578037602808419,0.09690505581833594
0.13390448581152395,0.30495679757145844,0.15371389977951858,0.13510532446264406,0.15218187404115222,0.12013761833370279
0.19339239146575266,0.15920255846361492,0.256298176227477,0.16394474713736343,0.03897218995352955,0.1881899367522624
0.14919074906815663,0.20579833748729204,0.16697334356479532,0.12956637256990167,0.20772975918794043,0.1407414381219139
0.18850962963155588,0.20505750949931198,0.2711165298622161,0.15116466500832695,0.08236004330002471,0.1017916226985644
0.15511906912489642,0.2091955012317076,0.21063808894790126,0.1884226548298964,0.050027947584953006,0.1865967382806452
0.08707319374825859,0.08862144958759133,0.36144374984607114,0.2560690382752562,0.02529070062985147,0.1815018679129714
0.16712616349365864,0.16858561746383635,0.21823050379302442,0.17963222502076692,0.08419012794421933,0.18223536228449436
0.11122484771214895,0.18218750649538776,0.20449816918134103,0.24348644224635457,0.03628031927195122,0.22232271509281643
0.16213954629035232,0.1942959542252809,0.21565254933241337,0.14186580977949034,0.13667958753317777,0.14936655283928535
0.20323885639133085,0.2599755876364432,0.2509931119920879,0.10949990656034732,0.06932439027104224,0.10696814714874868
0.16223504609551845,0.12525073304560613,0.2120385279375322,0.2554605644085356,0.06738521155964705,0.17762991695316052
0.16024283882469584,0.1693317070590528,0.32476004604003056,0.12931136081770245,0.09035944215982573,0.12599460509869256
0.10436871466531251,0.180035393108284,0.17994928966955823,0.3034076211241999,0.04939099798201453,0.1828479834506309
0.1576474577318607,0.13156456378295672,0.22375396443048282,0.20264367071209546,0.06302540365708453,0.2213649396855197
0.22767031180833106,0.27254477215392797,0.19224574405412176,0.133497033647905,0.06759536029492703,0.10644677804078725
0.20425359816942934,0.24894329565574325,0.15988042892722554,0.1528466735274895,0.12083246375663537,0.11324353996347707
0.21176265171744554,0.17825684845374312,0.2535533036594544,0.1407552717996597,0.08462336177553442,0.13104856259416284
0.14266863153770515,0.2024254789396311,0.22381147696793752,0.20814158543531455,0.03929718750075343,0.18365563961865833
0.20394525501863986,0.17717367527703082,0.19931841403094314,0.14119458512834376,0.1229199468178744,0.155448123727168
0.19824994427579976,0.24524069342080593,0.20354318094996204,0.10859141323253642,0.1602618338821832,0.08411293423871281
0.2653191793986266,0.17425438317504494,0.17098487011277416,0.13521614461015347,0.0563811540737756,0.19784426862962515
0.1018175939188421,0.19642052369852434,0.21766196514772065,0.18469764927055224,0.08241021824910882,0.21699204971525182
0.14184617896048132,0.2181647371050644,0.1255526367202119,0.1346672809747289,0.1526908912930104,0.22707827494650296
0.12934072815250572,0.2259734517327847,0.19270189057883447,0.20922093564500743,0.10427076426191209,0.13849222962895552
0.12001650131925067,0.14270019121851282,0.2568354850343272,0.31448204780582095,0.026219818060762214,0.13974595656132613
0.14246973198662718,0.31646627283578227,0.21252914707908102,0.13755077217869996,0.08324435721644405,0.10773971870336549
0.18008138273151766,0.1548662525751395,0.30379050862514406,0.20406603519639913,0.040710557916883175,0.11648526295491642
0.11611111143361459,0.1801305761300133,0.16735810644074184,0.23546253333806347,0.04812306546086687,0.2528146071966999
0.14158687039000623,0.10679377092169612,0.3138502676965701,0.21985679710888797,0.03914606798512634,0.17876622589771327
0.23945260301176663,0.19426863705167854,0.1790511550529715,0.15788101198957086,0.08304878660697668,0.14629780628703573
0.123038212807671,0.21950101970086525,0.1691600161784228,0.21403642734315334,0.08755155311543729,0.18671277085445045
0.10813627285186532,0.21077926582930678,0.20446400035417245,0.2718556223462544,0.03449491476816978,0.1702699238502312
0.10535195537350477,0.09495299346376357,0.25378889157563744,0.2762523244532301,0.03196575696379727,0.2376880781700667
0.18923456642666117,0.15232900334310617,0.21406175009433118,0.23071149810309485,0.06194221730067785,0.15172096473212884
0.10416630996344807,0.19194371784767109,0.23639227633505944,0.2321567307704167,0.04002227924840001,0.19531868583500472
0.1540920450982013,0.15780206349859882,0.33443651489667614,0.2164958442065379,0.04135941647856307,0.09581411582142274
0.24319695186590967,0.2330998207216168,0.1941303546813905,0.14841217482949975,0.07067179266194863,0.11048890523963463
0.09429294122490992,0.33353291557267606,0.259379330100761,0.16073328897874725,0.04329110145336947,0.10877042266953613
0.1455691819434077,0.16548884549035034,0.26653993680446075,0.284450605823014,0.03817683275308545,0.0997745971856818
0.11728712718452637,0.15982310063113112,0.2645143473269678,0.2782541234412638,0.03547937937862236,0.14464192203748846
0.23078186294081882,0.2926147301126644,0.17610277620062859,0.12306897474348229,0.07358975349134307,0.10384190251106296
0.0665251705398463,0.10170389877585248,0.22068930219905145,0.30097545782357876,0.023426870722124335,0.28667929993954666
0.1685300873128714,0.123501608395656,0.3966140370668373,0.1687536672779902,0.03540066376780892,0.10719993617883615
0.17288369016917077,0.24724919368527667,0.18373105752806218,0.11750375902753,0.11421498273567728,0.16441731685428324
0.15960908510585758,0.2696928142976906,0.22769569942471551,0.17668524472569885,0.07494151898152851,0.09137563746450886
0.09537136902897199,0.15870516762775796,0.15992200762393274,0.3295305938450804,0.042138794428948856,0.21433206744530817
0.1557799269748376,0.17622310159155194,0.1539323266928893,0.2015791282801019,0.14775605808237646,0.16472945837824274
0.14734518186738765,0.09860179376419735,0.318923658947052,0.23990582185033593,0.033421372241357244,0.16180217132966992
0.24898083171390242,0.19801105892601392,0.16467442595107096,0.19457572327801162,0.09804831402775453,0.09570964610324639
0.19319378452001842,0.17700218993801276,0.18434025115587774,0.10537228786123932,0.25554373853274576,0.0845477479921061
0.14150318363966266,0.18001360331009383,0.2699211412048871,0.17990834326950264,0.07200423140417198,0.1566494971716819
0.1538886551700465,0.1701015385322547,0.1933604212498851,0.18904114146996231,0.09782937658082448,0.19577886699702687
0.09030339291115319,0.07635266932600299,0.18258591558454074,0.24305337629727175,0.04100778066302614,0.36669686521800515
0.17354770393602625,0.2910385926906526,0.23624727288315434,0.13869378909450797,0.08776076528247082,0.07271187611318816
0.14315527611111975,0.16645316860410403,0.1749593307467,0.24829671357900998,0.06945400845996148,0.1976815024991047
0.18333848069651426,0.1998028880367554,0.20947198187921476,0.1402508865472851,0.13564803768687206,0.1314877251533586
0.09106516596273435,0.20146317160027702,0.13207185877200134,0.31272121679649334,0.032110881440108804,0.2305677054283852
0.22231527563974302,0.1771952929549387,0.24839662538649782,0.12265829190672321,0.13341616205418147,0.09601835205791583
0.18325782151324818,0.20898332975798803,0.3483241477793658,0.12360833424647671,0.06513299394111713,0.07069337276180422
0.19216628768100294,0.12906971046246296,0.24754571831552777,0.23093387479710883,0.03923744240093768,0.16104696634295979
0.15897233515615802,0.1804713639487167,0.2369556882868533,0.20289298992728064,0.06204449164185776,0.15866313103913376
0.0905750163256959,0.1072114542048455,0.17618150362340335,0.26583212287917984,0.04110509230593959,0.31909481066093576
0.21508138713188396,0.30078764888888293,0.13198073594560222,0.12896211198932753,0.11672974389076629,0.10645837215353715
0.09967559050825273,0.14436055250126206,0.2136296195576766,0.2334144814877446,0.09684164088044893,0.2120781150646151
0.1330789056068324,0.14741122344825483,0.23874658223418532,0.22878064729459247,0.05131649601848489,0.20066614539765015
0.15190163611736401,0.17488701036409945,0.25356125037365973,0.2063314824446917,0.0422964392305389,0.17102218146964612
0.15910194827745258,0.14848802059874006,0.12801020327531779,0.3347399113634907,0.06861164134294899,0.16104827514204972
0.19357897699431842,0.17582162160605977,0.2670224319887653,0.09928748343029618,0.12937857239743544,0.13491091358312493
0.17032677034411242,0.1514964323459515,0.19588175271182023,0.13634074483733247,0.08282291917251172,0.2631313805882716
0.11384871785729372,0.2392613045770124,0.1338545022140868,0.2593605414143914,0.07508857838395767,0.178586355553258
0.16258408200553462,0.17738782125039845,0.21255766969316606,0.2118866811053867,0.06428122401704328,0.17130252192847095
0.1690414827409243,0.2552269799222883,0.2613263250838639,0.09689233423231372,0.1365874104942072,0.08092546752640258
0.0986117381075427,0.13960582658842893,0.1518288890611018,0.21000292049500946,0.080074881391656,0.31987574435626104
0.1266778494491749,0.40636685342040063,0.1847454835021363,0.10739125215989007,0.10292739338254996,0.07189116808584808
0.17281893437792098,0.14764915623477612,0.16296775254532256,0.19562908933722897,0.054944834653982824,0.2659902328507685
0.13501799105318293,0.17737746985916134,0.2906118300932655,0.14496223155139218,0.05590585295190479,0.19612462449109325
0.23222825153315602,0.17343247852275234,0.22654114076210696,0.11536040905580486,0.12902213165218449,0.12341558847399522
0.1605507759475741,0.18364749606041575,0.1717233287260433,0.2179989455099096,0.07726532849813095,0.18881412525792626
0.11462306375055985,0.13950937995038476,0.24822428517748155,0.2286866097578612,0.06345854765872619,0.20549811370498658
0.20293113163699764,0.17839918938577826,0.1916946905860444,0.2021080550116995,0.10802383229061742,0.1168431010888628
0.22414104793515202,0.21244160624581573,0.20100852111633932,0.17928814495427556,0.06573182096910259,0.11738885877931478
0.23564484104015115,0.1526326132534262,0.18926763298577834,0.19471587898069823,0.06319936167165514,0.16453967206829098
0.18642300344641122,0.2745889932644605,0.1379568879633333,0.1089704398508902,0.16077500589578722,0.13128566957911766
0.16440760998764445,0.2189487220743123,0.24128296480106465,0.1276476373072217,0.1282579993126417,0.11945506651711502
0.20564866674144722,0.16525529605137704,0.2277578926699527,0.12374002979059563,0.1219136893884074,0.15568442535822005
0.10436843139396422,0.15753344860111015,0.2894295298391135,0.2541567391810079,0.03358071555984188,0.1609311354249624
0.10182064339761851,0.14952632300038216,0.2396800680290733,0.23414127987246774,0.044538017029460426,0.23029366867099793
0.20965943208519264,0.20698985041598317,0.1872166204214167,0.16997567211069453,0.1249550293660643,0.10120339560064877
0.20478674725020757,0.18405189487065796,0.20135568825199102,0.20897916340752162,0.10741847388038679,0.09340803233923493
0.10975911538984032,0.10009250772796938,0.19287986076464672,0.2351979501659426,0.019951946063814677,0.3421186198877864
0.11540327403826939,0.10758018901868549,0.26238049616921694,0.2690843491268277,0.025752878406966415,0.219798813240034
0.244228518944787,0.2686012487837962,0.1922265240494426,0.10720029918022424,0.11851285244571036,0.0692305565960396
0.20984858058920777,0.21356337919923166,0.20351556609876478,0.154623806732677,0.05902249010688816,0.15942617727323047
0.16102533774576872,0.21381713079239126,0.18637514175429903,0.1166588503755102,0.18430596696417792,0.13781757236785297
0.19834834649594735,0.2577371368257959,0.24377288426269422,0.08556477702908903,0.13522664184471397,0.07935021354175946
0.12848770256267433,0.1432589273804927,0.15617838438630832,0.25360960882557704,0.06330767971805905,0.25515769712688857
0.15742438124583094,0.21506824551150153,0.30843399722346915,0.17151938694062782,0.0316709559053746,0.11588303317319605
0.17038226163574613,0.294871630869357,0.18807418162449846,0.11560563057855362,0.08785874649668517,0.14320754879515976
0.12499855914082275,0.10572563430976248,0.18169732623418028,0.2439307558614075,0.07560988044102226,0.2680378440128048
0.26684132098776087,0.14981679320721494,0.2603602710275528,0.15432547216500453,0.05759250975120683,0.11106363286125985
0.28437147669772,0.2040820605270673,0.1420129591528053,0.14442963690921262,0.1206329912779288,0.10447087543526584
0.1068572095730863,0.45466615341960254,0.16609590020792173,0.10176091277438741,0.0928255455332042,0.07779427849179789
0.1694329871623007,0.24262997107652218,0.18765781337805193,0.1286348807906617,0.127806258171261,0.1438380894212024
0.16810827563081537,0.14725105400332267,0.27557746362502766,0.23478182995615982,0.023057527471134473,0.15122384931353988
0.12445624367116305,0.20804408027360607,0.1501024745814454,0.2296611639396324,0.055977819257020264,0.23175821827713294
0.13624920594208467,0.12849273477254908,0.21848551381904666,0.21955867050559655,0.048339854400488665,0.24887402056023447
0.12250532356148555,0.19940409848679413,0.14678986299756144,0.21976781830810108,0.09860940436332952,0.21292349228272828
0.1311034295262739,0.1844462818961306,0.20471476806354338,0.2601357140169132,0.06792180441116187,0.15167800208597704
0.1000869426903638,0.12243644591503029,0.11197326302834407,0.2799520208796147,0.0434844273009949,0.3420669001856523
0.13005081802010351,0.1635246672809241,0.14971445808969416,0.22857956617858716,0.058883603515672095,0.269246886915019
0.1911496743741543,0.27350462659335834,0.13588633178186776,0.13786083375184027,0.1380629311348659,0.12353560236391332
0.10801217232029348,0.09930828531735489,0.2755517003037315,0.2857521868561112,0.021754434941658855,0.20962122026085014
0.1841695225234584,0.23781241066797187,0.21326964667538453,0.14528715568383027,0.053097655909879006,0.16636360853947593
0.15147584630952274,0.19664755041652143,0.1592051267390076,0.17824271633403987,0.05565412288652034,0.2587746373143881
0.21324843212273828,0.15951852733443486,0.1815784089104559,0.1220497245887252,0.08272399758370146,0.24088090945994434
0.08284455263385895,0.1436661110853629,0.17244344076737506,0.31157634917777277,0.0383660946260066,0.2511034517096237
0.0944573454754298,0.15800597868316144,0.19910870944772074,0.21740960692811773,0.06081115229220469,0.27020720717336555
0.15618303753566534,0.15242570269600844,0.3772827166469059,0.16709574020348533,0.04060200775933548,0.10641079515859973
0.16049574438894623,0.15584673387045123,0.30290895693605113,0.15815811485114675,0.09645150560779849,0.1261389443456061
0.11796510911727488,0.1617684459394466,0.12794669232940847,0.32205718477646056,0.04660183390137826,0.2236607339360313
0.13611549176191454,0.174058275494543,0.2472237563190512,0.2243034590102594,0.026144850828083335,0.1921541665861486
0.08137644512235682,0.17438455320124763,0.2801994749079287,0.2143849745014237,0.034923318466341204,0.21473123380070183
0.23231401692541476,0.17466427210168337,0.16676705618941126,0.16522261834277716,0.15066921494542632,0.11036282149528713
0.1883363331740117,0.23920711810361295,0.18556725742025545,0.10861545283361054,0.18788164173624927,0.09039219673226001
0.1695270790425218,0.17138851513460365,0.2330378472330475,0.23249733886561888,0.06013542611109205,0.13341379361311606
0.15430949916744735,0.14359018223233389,0.2181190641859919,0.2346152037755245,0.07010544411342969,0.17926060652527273
0.15004494359725132,0.23044526782000166,0.1872277353632481,0.1782408380477912,0.08733717324693872,0.16670404192476904
0.1099710739118371,0.11244964501644024,0.24064361714786595,0.2538496794689739,0.03910179861319674,0.24398418584168605
0.14885564133010334,0.1332945822276726,0.1793812639663468,0.28918018787460065,0.04369344379198619,0.20559488080929034
0.10729133856919892,0.12123993526024791,0.3031531948028893,0.24519715724922045,0.043155863313231915,0.1799625108052113
0.13862238915117167,0.14430226577347519,0.23452456631024976,0.24956176664165197,0.03695873534962895,0.19603027677382243
0.17502395985410837,0.20200857649448303,0.3097584696484356,0.17133724201431402,0.057249502182457696,0.0846222498062012
0.21462966291209543,0.192689297166262,0.25184968985504846,0.1440735103974313,0.07257191852319889,0.12418592114596376
0.11251776236531529,0.209344640551879,0.22145939909967532,0.17021995024112196,0.13037410085263165,0.15608414688937672
0.14846138476972587,0.43041768590648716,0.16629050426811165,0.08850236253122436,0.07173714361361229,0.09459091891083861
0.10646299403540563,0.10248185206897649,0.29671475731198527,0.27171603263295585,0.03148209326992517,0.1911422706807515
0.09518018816807713,0.19145182601836128,0.2102736780978758,0.2729659372380923,0.06746021921880932,0.16266815125878412
0.2323820134741436,0.16530092365794258,0.2141731060657,0.17312435887646951,0.06951703288183299,0.1455025650439113
0.17512849079777942,0.24101416817360322,0.1839858762588304,0.1878689497466477,0.0950592449321482,0.11694327009099109
0.2062041973358875,0.14773879001037094,0.21023602352783205,0.12542168500899697,0.20819953287501966,0.10219977124189279
0.20145724400046625,0.15744472108807026,0.2327584523202431,0.215364068321134,0.0730269990908034,0.11994851517928298
0.09559221929675818,0.0820785120170063,0.17309223036273194,0.32216793024275425,0.031122346091958963,0.2959467619887903
0.19406939314046556,0.1452718172307961,0.3675509179819408,0.10578957286898101,0.09496188839166993,0.09235641038614659
0.1585618143300695,0.19364819718585938,0.20740716086086144,0.17290883118195424,0.14317791801244978,0.12429607842880563
