0,1,2,3
0.001449097,0.023851312,0.025776116,0.948923476
0.029203006,0.019608777,0.869360317,0.0818279
0.007968106,0.007559954,0.917399827,0.067072112
0.001545473,0.034465815,0.035071386,0.928917326
0.008648982,0.010546961,0.929302438,0.051501619
0.00827112,0.007105872,0.944738601,0.039884407
0.009678187,0.008418574,0.823979458,0.157923781
0.009569111,0.004594643,0.944147532,0.041688715
0.003504642,0.003351488,0.943285358,0.049858512
0.001710448,0.023797829,0.035283892,0.939207831
0.003012069,0.117790569,0.037239595,0.841957766
0.00115478,0.012216057,0.014563592,0.972065572
0.009036313,0.003667942,0.947837041,0.039458705
0.001434325,0.017269866,0.022486923,0.958808887
0.014359704,0.005554296,0.909813149,0.070272851
0.103374427,0.015962765,0.81878564,0.061877168
0.005980966,0.005129397,0.93559338,0.053296256
0.00193073,0.689678872,0.038061272,0.270329127
0.004386085,0.58577478,0.055798961,0.354040174
0.016465087,0.027754697,0.899712484,0.056067732
0.003743662,0.004369065,0.953315279,0.038571993
0.004101697,0.013016805,0.927103185,0.055778313
0.002932501,0.140184579,0.052273705,0.804609215
0.001800148,0.029929576,0.030861016,0.937409261
0.001758307,0.041262384,0.029473798,0.927505511
0.025463736,0.022277215,0.891160335,0.061098714
0.00392972,0.003999097,0.961430891,0.030640292
0.006319332,0.008179983,0.934752797,0.050747888
0.005734001,0.007322431,0.902231566,0.084712002
0.001754563,0.029707875,0.027349133,0.94118843
0.019537801,0.009112804,0.946323048,0.025026346
0.013007665,0.003656664,0.953861091,0.029474579
0.019033304,0.015628376,0.926329901,0.039008419
0.001760879,0.040068928,0.030097616,0.928072577
0.287749987,0.014520363,0.627192119,0.070537532
0.005321275,0.003534369,0.937232299,0.053912057
0.002175981,0.100563116,0.036444853,0.860816051
0.021171005,0.073805433,0.858896525,0.046127036
0.001738497,0.067703653,0.024794746,0.905763104
0.006486603,0.010229668,0.765317707,0.217966023
0.002603482,0.139879708,0.051324053,0.806192758
0.064296493,0.063058752,0.661103144,0.211541611
0.004353675,0.023593625,0.935078768,0.036973932
0.007615647,0.010063011,0.942939632,0.03938171
0.046820076,0.006280664,0.897507724,0.049391537
0.043587738,0.00786049,0.911805366,0.036746406
0.002775243,0.148090507,0.037319025,0.811815225
0.007158121,0.004677132,0.965814518,0.022350227
0.010939026,0.005165405,0.950438775,0.033456794
0.011415437,0.038795866,0.79247406,0.157314637
0.009923579,0.009913942,0.922360915,0.057801564
0.001408085,0.015873496,0.024141899,0.958576522
0.005515233,0.0089964,0.943179823,0.042308544
0.001490533,0.051045175,0.026160429,0.921303862
0.00719356,0.006780309,0.939930392,0.04609574
0.003787547,0.057015853,0.032173539,0.907023062
0.008630651,0.008996161,0.954716177,0.027657011
0.004276649,0.004869584,0.940191693,0.050662074
0.004167149,0.058196706,0.071735194,0.865900951
0.007964129,0.008785143,0.880129453,0.103121274
0.00248177,0.055208345,0.036483198,0.905826687
0.007985367,0.006751894,0.937506527,0.047756211
0.003131822,0.173151422,0.037261452,0.786455305
0.002719107,0.00350403,0.969209598,0.024567265
0.006558472,0.133433248,0.071802199,0.788206082
0.010153522,0.004875852,0.961448443,0.023522183
0.016419549,0.004288467,0.951473989,0.027817994
0.058661937,0.092983322,0.758084512,0.090270229
0.016016382,0.025543491,0.893318612,0.065121516
0.005860409,0.140258582,0.059618062,0.794262947
0.004018339,0.003312507,0.951613082,0.041056073
0.008675744,0.032299011,0.858006676,0.10101857
0.008021501,0.004260767,0.966787907,0.020929824
0.012834019,0.008372865,0.935063537,0.043729579
0.003239324,0.112794291,0.045341376,0.83862501
0.008911244,0.006561325,0.944169518,0.040357913
0.005592003,0.008108059,0.881765407,0.104534531
0.003376113,0.318582566,0.055136919,0.622904403
0.004848063,0.238828568,0.072756047,0.683567322
0.006258507,0.010968733,0.953670344,0.029102416
0.014989433,0.007978283,0.904125574,0.07290671
0.003998437,0.00470011,0.953468207,0.037833247
0.002396559,0.133055049,0.030437715,0.834110678
0.003207055,0.007798493,0.88717796,0.101816492
0.002247516,0.048339951,0.044005923,0.90540661
0.001401433,0.015251987,0.025195407,0.958151173
0.009325341,0.011399922,0.941541604,0.037733132
0.001723779,0.022565087,0.026042218,0.949668915
0.0060175,0.012499563,0.956851896,0.024631041
0.004620494,0.304752725,0.061170349,0.629456432
0.005105208,0.006602552,0.966971676,0.021320565
0.006391982,0.003716405,0.942940372,0.046951241
0.003356201,0.002768387,0.967971264,0.025904148
0.006666849,0.006794066,0.957834186,0.028704899
0.001330738,0.02076525,0.017734647,0.960169365
0.02490812,0.004930548,0.927794373,0.042366958
0.004966575,0.004092148,0.936929674,0.054011603
0.001940459,0.05235979,0.029066342,0.91663341
0.014876547,0.008003217,0.907539148,0.069581088
0.00298723,0.051756128,0.052865607,0.892391035
0.011687762,0.007048632,0.924800201,0.056463406
0.03988634,0.004324172,0.921747954,0.034041533
0.00469465,0.003287688,0.967649297,0.024368364
0.001063024,0.008999659,0.015947159,0.973990158
0.033117172,0.008115112,0.842812011,0.115955706
0.019779214,0.619981003,0.068820563,0.291419221
0.002190449,0.031525347,0.054285525,0.91199868
0.003165939,0.046997605,0.038252077,0.911584379
0.001032045,0.0096427,0.014776003,0.974549253
0.004683965,0.009524214,0.93901615,0.046775671
0.001386011,0.013206743,0.028719753,0.956687494
0.0016968,0.021530807,0.027648665,0.949123728
0.013578614,0.01047422,0.90272724,0.073219927
0.004948144,0.003504196,0.952248609,0.039299051
0.01001752,0.026856297,0.881322178,0.081804005
0.005515602,0.00842106,0.824463262,0.161600076
0.030036536,0.013191964,0.828585108,0.128186393
0.00569493,0.009123036,0.947954481,0.037227554
0.006259701,0.085670045,0.033687298,0.874382955
0.00211052,0.007377922,0.957664572,0.032846986
0.00179168,0.019054417,0.04330678,0.935847124
0.003703227,0.003174371,0.962292374,0.030830028
0.009578358,0.004440407,0.963150059,0.022831176
0.003361537,0.32376786,0.032853752,0.640016852
0.004830943,0.074056549,0.033663344,0.887449164
0.001504879,0.013509639,0.021558719,0.963426763
0.015624242,0.008812504,0.909648311,0.065914944
0.003359017,0.644514152,0.038450257,0.313676574
0.001962144,0.055377293,0.035163557,0.907497006
0.038986661,0.008095914,0.876127075,0.076790351
0.015548315,0.008168571,0.906972636,0.069310478
0.009154979,0.131927032,0.060922049,0.797995939
0.006804039,0.013314665,0.848648177,0.13123312
0.007338324,0.156244376,0.052819007,0.783598293
0.044961758,0.014001975,0.895728086,0.045308181
0.005442526,0.470775098,0.076720596,0.44706178
0.012492529,0.014933121,0.944142425,0.028431926
0.005583304,0.004247454,0.973233189,0.016936053
0.01530675,0.004654009,0.956076837,0.023962404
0.003337277,0.447629645,0.056119976,0.492913103
0.011567894,0.007421565,0.957067694,0.023942847
0.002047013,0.077881292,0.036558875,0.883512821
0.009569074,0.011875482,0.919071753,0.059483692
0.013420601,0.007680467,0.908459912,0.07043902
0.003471807,0.003522433,0.961819237,0.031186524
0.003041185,0.002700787,0.975915374,0.018342653
0.017629283,0.018225067,0.708601314,0.255544337
0.014988999,0.015425985,0.87987691,0.089708106
0.007646581,0.005233845,0.923737673,0.063381901
0.004202529,0.004861394,0.927270207,0.06366587
0.018773229,0.011506203,0.9308593,0.038861268
0.007811147,0.013096752,0.912352287,0.066739813
0.001909134,0.083515792,0.031919445,0.882655629
0.003277846,0.389974248,0.051307799,0.555440107
0.00499729,0.004332255,0.949155217,0.041515239
0.003017063,0.141727934,0.043210254,0.812044749
0.007046637,0.009995415,0.959793605,0.023164343
0.006079242,0.003351554,0.962193546,0.028375659
0.031161343,0.006638826,0.893111071,0.06908876
0.012495324,0.004917549,0.940396114,0.042191014
0.002212394,0.041515738,0.035371437,0.920900431
0.003216039,0.022265983,0.023632808,0.95088517
0.014959271,0.004047306,0.925640314,0.055353109
0.00157423,0.100463445,0.023232521,0.874729804
0.004020044,0.004282392,0.970541514,0.021156051
0.001978264,0.00328231,0.97078462,0.023954806
0.046048798,0.010431301,0.887679437,0.055840464
0.019815189,0.007534515,0.924854592,0.047795705
0.011066385,0.005214506,0.956189719,0.027529389
0.003184796,0.006305366,0.929432794,0.061077043
0.007132788,0.009672901,0.934608588,0.048585723
0.00786413,0.007303293,0.943761166,0.04107141
0.022112822,0.030300445,0.874510226,0.073076507
0.002410453,0.05310444,0.06013502,0.884350087
0.018078049,0.010622033,0.941979674,0.029320245
0.001150274,0.008157613,0.021978625,0.968713487
0.026673483,0.034294801,0.859413825,0.079617891
0.009376851,0.010326644,0.939042711,0.041253794
0.003666236,0.103506855,0.050012332,0.842814577
0.010317541,0.006028157,0.851626347,0.132027955
0.001363969,0.027315238,0.019657831,0.951662961
0.003898155,0.004513134,0.957529286,0.034059424
0.004351522,0.13403279,0.102663176,0.758952512
0.005692964,0.003440085,0.962802979,0.028063972
0.001846959,0.003148893,0.971305954,0.023698195
0.0051257,0.170891057,0.042205718,0.781777525
0.008804958,0.011238749,0.795884098,0.184072194
0.011132761,0.004961902,0.947808874,0.036096462
0.001645247,0.065499858,0.027491078,0.905363817
0.005941612,0.009398932,0.846431058,0.138228398
0.004199159,0.004363513,0.943971954,0.047465373
0.013229471,0.259965901,0.071097226,0.655707402
0.002595581,0.07390584,0.046654033,0.876844545
0.003243226,0.003773132,0.951490867,0.041492775
0.019609166,0.468170847,0.100967345,0.411252642
0.001467764,0.036352081,0.02350139,0.938678765
0.001596379,0.01617472,0.025987228,0.956241673
0.001449708,0.022445876,0.018664082,0.957440334
0.00425141,0.261660287,0.109147773,0.624940531
0.007004678,0.014096559,0.910281409,0.068617354
0.007628112,0.017981147,0.814171396,0.160219345
0.003509881,0.007492448,0.944029083,0.044968589
0.009024573,0.551387606,0.070219802,0.369368019
0.009348062,0.007739452,0.929498427,0.05341406
0.007757089,0.030340806,0.912543395,0.04935871
0.011930278,0.052229431,0.886220501,0.049619789
0.003534987,0.10730104,0.051078697,0.838085276
0.001247336,0.015113191,0.018755449,0.964884024
0.002630573,0.004363435,0.970276275,0.022729717
0.005140263,0.4037771,0.072904471,0.518178166
0.144818529,0.010534387,0.768577099,0.076069986
0.019473999,0.006264932,0.939358946,0.034902122
0.007428169,0.00432837,0.906774491,0.08146897
0.001413826,0.018278334,0.029954563,0.950353277
0.008308574,0.005286776,0.944612057,0.041792594
0.003527979,0.134279826,0.053502868,0.808689326
0.008379626,0.007552678,0.928108461,0.055959235
0.001074142,0.017746929,0.021918496,0.959260433
0.017332703,0.00855646,0.85284101,0.121269828
0.002968151,0.004644501,0.933086817,0.059300531
0.014048286,0.004182986,0.943447813,0.038320915
0.003743662,0.004369065,0.953315279,0.038571993
0.005191866,0.227278378,0.097743703,0.669786052
0.00523938,0.006048427,0.947103244,0.041608949
0.001983438,0.02510144,0.039917725,0.932997397
0.005646973,0.004126725,0.944868183,0.045358118
0.00186648,0.032554479,0.043452231,0.92212681
0.004557436,0.003944384,0.967073642,0.024424538
0.007451929,0.003946303,0.94212234,0.046479429
0.007583625,0.003760741,0.949394292,0.039261342
0.002368328,0.044856195,0.02433432,0.928441158
0.005959766,0.00827374,0.88891993,0.096846565
0.00735809,0.00645832,0.920290767,0.065892823
0.013556906,0.012601552,0.873312021,0.100529521
0.002481299,0.036464831,0.035187719,0.925866151
0.011759175,0.00819366,0.911709069,0.068338097
0.003285539,0.31157573,0.050308669,0.634830061
0.007595878,0.005549308,0.942399381,0.044455434
0.002574241,0.122982323,0.045282751,0.829160686
0.02401611,0.007926792,0.903441429,0.064615669
0.002140567,0.127864989,0.040469099,0.829525346
0.003758572,0.004468746,0.963305594,0.028467089
0.005058953,0.041508223,0.05827428,0.895158545
0.003775467,0.053773825,0.034360672,0.908090037
0.00930934,0.006971366,0.938249412,0.045469882
0.008167522,0.010386167,0.952215834,0.029230478
0.007140712,0.004837279,0.93139061,0.056631399
0.011369144,0.007830899,0.935918468,0.044881489
0.007157994,0.006655566,0.949156771,0.037029668
0.00123074,0.018401412,0.03878537,0.941582478
0.003349526,0.182192489,0.062869682,0.751588303
0.005023984,0.047379663,0.906711205,0.040885148
0.009966082,0.009472189,0.955848604,0.024713124
0.001053598,0.015166577,0.014759181,0.969020644
0.008387009,0.00405008,0.948862093,0.038700817
0.006282311,0.00858313,0.925537784,0.059596775
0.052271326,0.012150906,0.886200071,0.049377697
0.005399925,0.006038227,0.942577335,0.045984513
0.006803779,0.004676529,0.90036387,0.088155823
0.001866477,0.042310901,0.024612533,0.931210088
0.004535441,0.506082791,0.060388631,0.428993137
0.004954429,0.040109521,0.030917554,0.924018496
0.014968563,0.019326132,0.914412999,0.051292307
0.029064317,0.005907616,0.91814784,0.046880227
0.006117229,0.004674511,0.956341352,0.032866908
0.005481539,0.011730952,0.935811042,0.046976468
0.003043254,0.126115444,0.057578767,0.813262535
0.008222593,0.00886663,0.906371114,0.076539663
0.004832896,0.003766322,0.964397203,0.02700358
0.0011581,0.014997436,0.017718848,0.966125616
0.004845179,0.004079263,0.952115788,0.03895977
0.002499625,0.230243232,0.040864235,0.726392907
0.022777279,0.0174551,0.927573726,0.032193897
0.00308939,0.004563815,0.944094602,0.048252193
0.003690489,0.013353647,0.956167764,0.026788101
0.00756279,0.0179154,0.870717427,0.103804383
0.001357675,0.024300932,0.025807626,0.948533767
0.001387929,0.015000584,0.018356286,0.965255201
0.005628236,0.005563129,0.90599165,0.082816984
0.019360583,0.006667733,0.930866207,0.043105477
0.00333574,0.003678109,0.965098962,0.027887189
0.008139365,0.004505099,0.957989323,0.029366214
0.003884594,0.007274488,0.950861898,0.03797902
0.003796448,0.012692337,0.895442494,0.088068721
0.01032749,0.009015266,0.910336374,0.070320869
0.006305009,0.00526258,0.960266017,0.028166394
0.027493141,0.02357851,0.814688016,0.134240333
0.003688205,0.003912483,0.939513157,0.052886155
0.005286459,0.005393929,0.957808414,0.031511199
0.005004866,0.010786569,0.790279192,0.193929374
0.001887524,0.028467538,0.02467482,0.944970118
0.00568538,0.004292416,0.955089161,0.034933043
0.014099941,0.823391808,0.046301152,0.116207099
0.004924268,0.003209106,0.943247527,0.048619099
0.004441186,0.004261589,0.940800307,0.050496917
0.023638664,0.005172613,0.925852536,0.045336187
0.001269681,0.053193565,0.023843002,0.921693752
0.008194442,0.011097236,0.950360109,0.030348214
0.005640709,0.192664635,0.055525572,0.746169084
0.015798848,0.032158227,0.913590615,0.038452311
0.018294358,0.007763608,0.821940164,0.15200187
0.002814076,0.026219217,0.021312432,0.949654275
0.031627882,0.007663954,0.839730086,0.120978078
0.001636612,0.004297749,0.970680918,0.02338472
0.005332406,0.277610595,0.086533137,0.630523862
0.005506637,0.004590067,0.958639702,0.031263595
0.005298078,0.006593901,0.949769013,0.038339008
0.006480213,0.009400238,0.950735147,0.033384402
0.004428086,0.213015841,0.049959146,0.732596927
0.003301104,0.109238666,0.064268628,0.823191603
0.007824981,0.318353377,0.069847502,0.60397414
0.0015206,0.046261987,0.027243984,0.924973429
0.001051721,0.016597714,0.018348817,0.96400175
0.003484574,0.189031109,0.089637353,0.717846966
0.002427314,0.032061249,0.025254149,0.940257288
0.005081667,0.002678366,0.97424705,0.017992917
0.090476357,0.022518489,0.807379622,0.079625532
0.001752099,0.004071796,0.974335652,0.019840452
0.004946271,0.016673829,0.925976644,0.052403256
0.00325951,0.250684163,0.040665953,0.705390375
0.00569794,0.004203581,0.933477153,0.056621327
0.054465888,0.008506352,0.831799627,0.105228134
0.008346228,0.008275147,0.949494975,0.03388365
0.006752407,0.004113073,0.944011844,0.045122676
0.014750325,0.009652007,0.895409604,0.080188064
0.004045286,0.003169377,0.941979382,0.050805956
0.001475911,0.021489805,0.023153747,0.953880539
0.001560516,0.041425175,0.027653974,0.929360335
0.005869052,0.004501595,0.942237476,0.047391877
0.020976709,0.00611738,0.948688749,0.024217162
0.007476645,0.005344843,0.9596068,0.027571712
0.008950856,0.004736677,0.950726688,0.03558578
0.00849826,0.004532678,0.956067049,0.030902012
0.004257681,0.003891932,0.932152303,0.059698085
0.024988225,0.012699874,0.852595432,0.109716467
0.006110905,0.003482204,0.94086642,0.049540471
0.003294258,0.005007363,0.966555807,0.025142573
0.01023383,0.209233472,0.052538261,0.727994437
0.005008252,0.006809516,0.957984679,0.030197553
0.014642546,0.10213617,0.79212265,0.091098634
0.001498291,0.038895702,0.022015641,0.937590367
0.002458026,0.031988174,0.059032345,0.906521455
0.003154956,0.004628771,0.949865176,0.042351096
0.006496496,0.08976448,0.037936274,0.86580275
0.001565292,0.022519481,0.030500847,0.94541438
0.010546173,0.005436807,0.946369109,0.03764791
0.0026502,0.104912504,0.039988714,0.852448583
0.008603061,0.003791879,0.968114214,0.019490847
0.002239817,0.003200929,0.963397353,0.031161902
0.001007937,0.010762468,0.019701835,0.96852776
0.005290603,0.00811418,0.942876035,0.043719182
0.002246686,0.005102395,0.961256579,0.031394339
0.002034172,0.043200525,0.030038374,0.924726928
0.001383729,0.015150569,0.018878665,0.964587037
0.001975387,0.055061518,0.062878346,0.880084749
0.002840113,0.006324819,0.954190926,0.036644142
0.002311122,0.07780044,0.041685545,0.878202893
0.006841016,0.006734021,0.880015784,0.106409178
0.008049699,0.005597759,0.934096554,0.052255988
0.002515352,0.003599678,0.952614268,0.041270701
0.002007827,0.00659884,0.9715069,0.019886433
0.012115358,0.005351588,0.940307497,0.042225557
0.005230034,0.004094496,0.925645099,0.065030372
0.007391443,0.00589868,0.934392642,0.052317235
0.001779421,0.043750424,0.029897038,0.924573116
0.009538084,0.015646205,0.900318833,0.074496879
0.010397913,0.012411291,0.782050431,0.195140365
0.003602798,0.352192264,0.057876036,0.586328903
0.016818572,0.008469619,0.92426942,0.050442388
0.011451338,0.013526526,0.842326245,0.132695891
0.013129958,0.004265827,0.95641409,0.026190125
0.005635574,0.005013379,0.893027963,0.096323084
0.009141153,0.009963744,0.895942085,0.084953018
0.003568403,0.149357635,0.04015927,0.806914692
0.005363444,0.003895256,0.943121909,0.047619391
0.006733896,0.011309046,0.926315743,0.055641316
0.001880145,0.002856927,0.964581804,0.030681123
0.021854941,0.006992166,0.932155904,0.038996989
0.008549378,0.004184027,0.944586334,0.042680262
0.00750963,0.007650018,0.957086335,0.027754017
0.003183986,0.219409879,0.043913072,0.733493064
0.011991461,0.006115016,0.841953684,0.139939839
0.006212291,0.003517165,0.964537241,0.025733304
0.005171887,0.005978109,0.961896778,0.026953226
0.019804744,0.004599535,0.94135479,0.034240931
0.023105217,0.006800049,0.910095834,0.0599989
0.001895553,0.017147671,0.025818856,0.95513792
0.00120199,0.01755219,0.019045143,0.962200677
0.00531122,0.005909174,0.958735359,0.030044246
0.003781793,0.052925024,0.917782856,0.025510328
0.008246568,0.013536418,0.936564208,0.041652806
0.002694559,0.23517202,0.061902646,0.700230776
0.014372476,0.009479525,0.881170651,0.094977348
0.002917818,0.002595268,0.955550718,0.038936196
0.007117891,0.01709097,0.924967588,0.050823551
0.006112585,0.009950986,0.931556026,0.052380403
0.00404498,0.004586467,0.955871658,0.035496895
0.006686719,0.012967245,0.921316699,0.059029337
0.001086875,0.012561171,0.014677986,0.971673967
0.002690409,0.00565447,0.942468501,0.04918662
0.016522457,0.015570499,0.934885626,0.03302142
0.001430731,0.025939291,0.021627778,0.951002201
0.017345577,0.007759865,0.936234837,0.03865972
0.004347059,0.006665632,0.95364631,0.035341
0.00225442,0.147509693,0.074370132,0.775865756
0.036308186,0.016453073,0.796141483,0.151097259
0.009219333,0.012467388,0.946407033,0.031906245
0.003986722,0.006777592,0.94367408,0.045561606
0.006847611,0.006928391,0.950820177,0.035403821
0.006994046,0.004644612,0.959186736,0.029174607
0.006082056,0.00417746,0.964026268,0.025714216
0.005884179,0.004495018,0.925863341,0.063757462
0.004672071,0.010090709,0.952143185,0.033094035
0.009246365,0.005680955,0.949823691,0.03524899
0.004389008,0.006563049,0.964855536,0.024192407
0.0020568,0.054016529,0.045486098,0.898440574
0.002556087,0.035158163,0.022131536,0.940154214
0.002274004,0.059726664,0.039445922,0.898553411
0.01206885,0.013377817,0.943257169,0.031296165
0.001232823,0.014378659,0.017836289,0.966552229
0.005209788,0.005340115,0.930006796,0.059443302
0.006804788,0.005968141,0.924992583,0.062234488
0.002047346,0.123900865,0.030051661,0.844000128
0.006523754,0.005844551,0.959354069,0.028277627
0.002509124,0.524096048,0.050195462,0.423199366
0.002171328,0.068954455,0.033916979,0.894957237
0.001687355,0.029363846,0.021534506,0.947414293
0.00518795,0.186694192,0.055879636,0.752238221
0.003422734,0.003203695,0.959553136,0.033820435
0.009005794,0.006184997,0.951573307,0.033235903
0.002817088,0.03489382,0.056416307,0.905872784
0.001595716,0.032089969,0.020260027,0.946054288
0.002243521,0.055182666,0.02964417,0.912929642
0.011387497,0.009569473,0.944620568,0.034422463
0.001524336,0.026442206,0.026298723,0.945734735
0.004077345,0.003638324,0.969058008,0.023226323
0.00642593,0.005295588,0.919301434,0.068977049
0.001520871,0.029313768,0.026473721,0.94269164
0.009812131,0.005385263,0.943649333,0.041153273
0.005413617,0.004385029,0.927052649,0.063148704
0.011836779,0.00614699,0.869497475,0.112518755
0.003264848,0.018864408,0.941061677,0.036809068
0.002316453,0.061373182,0.063615205,0.872695159
0.001905867,0.025920121,0.027915463,0.944258549
0.006215309,0.004477122,0.924406911,0.064900658
0.001851778,0.042635273,0.026035103,0.929477846
0.0012892,0.016053152,0.025623478,0.95703417
0.003312531,0.324490524,0.058272287,0.613924658
0.003751137,0.004026955,0.968265512,0.023956396
0.011687593,0.020718562,0.919987346,0.047606499
0.003314294,0.005142887,0.927121515,0.064421305
0.009641968,0.00534773,0.935303141,0.049707161
0.003940036,0.093448734,0.045027452,0.857583778
0.003064363,0.003764096,0.959317185,0.033854356
0.001270696,0.019586921,0.022636964,0.956505419
0.003086723,0.169951821,0.057834331,0.769127125
0.007956245,0.006854586,0.928800548,0.056388621
0.030494631,0.007724435,0.922888341,0.038892593
0.00144335,0.028163819,0.027279197,0.943113634
0.001999845,0.003584531,0.969312494,0.025103131
0.005426831,0.004522459,0.965428808,0.024621902
0.001891451,0.053573543,0.069765554,0.874769452
0.026456948,0.010497979,0.875932982,0.087112091
0.004008548,0.005885232,0.964723066,0.025383154
0.00612537,0.005518014,0.956591842,0.031764774
0.006613651,0.008039428,0.952055526,0.033291396
0.001891086,0.002932023,0.966886515,0.028290377
0.001933972,0.037991376,0.034404761,0.925669891
0.006861912,0.158135183,0.057452386,0.777550519
0.011915216,0.008969054,0.862940002,0.116175728
0.003148898,0.00585854,0.955134304,0.035858257
0.00822135,0.043615944,0.878125722,0.070036984
0.03010108,0.008840537,0.93568345,0.025374933
0.003556609,0.322030391,0.06445291,0.60996009
0.004123218,0.003305899,0.966609142,0.025961741
0.002895763,0.29257289,0.048166436,0.656364912
0.009378498,0.011268317,0.952725918,0.026627266
0.002136762,0.037482777,0.043483211,0.91689725
0.002356905,0.003906265,0.949748515,0.043988316
0.003933617,0.004004688,0.949735763,0.042325931
0.00623599,0.008006971,0.932270838,0.053486201
0.00174581,0.027596728,0.031748828,0.938908634
0.014507777,0.71086456,0.096769136,0.177858527
0.003681603,0.003307077,0.966768952,0.02624237
0.001252997,0.046645986,0.029456142,0.922644874
0.013285251,0.047970405,0.845120076,0.093624269
0.001713503,0.037536891,0.041394341,0.919355266
0.001271456,0.016416806,0.024583867,0.957727871
0.002202899,0.002348301,0.982105817,0.013342983
0.083325195,0.007789509,0.878487197,0.0303981
0.002146445,0.041644388,0.048121309,0.908087858
0.003677932,0.005430732,0.966829521,0.024061814
0.002479266,0.157944676,0.030412432,0.809163626
0.001478888,0.022987456,0.026911035,0.948622621
0.004588476,0.494456078,0.05965635,0.441299097
0.00363116,0.539090646,0.089160207,0.368117988
0.005768244,0.010902129,0.956862802,0.026466826
0.030496608,0.006117079,0.918957718,0.044428595
0.010401816,0.011189463,0.937592281,0.04081644
0.004244255,0.188835921,0.079761226,0.727158597
0.018041181,0.005906713,0.872190269,0.103861837
0.001977791,0.181638726,0.049075982,0.767307501
0.066515783,0.013581222,0.854709807,0.065193188
0.008779447,0.008590923,0.938052745,0.044576884
0.005254675,0.006236914,0.965365504,0.023142907
0.004600788,0.004826984,0.944096718,0.04647551
0.001503597,0.023910224,0.019933603,0.954652575
0.002981011,0.014030559,0.954095864,0.028892567
0.008226488,0.009175404,0.959528664,0.023069444
0.002181613,0.007041294,0.957523227,0.033253866
0.005609807,0.645245025,0.046305365,0.302839803
0.014645707,0.009607209,0.885392594,0.09035449
0.006749587,0.007546435,0.902539846,0.083164132
0.00226628,0.075956072,0.028459226,0.893318423
0.00532829,0.011970391,0.826048292,0.156653027
0.001507704,0.015929571,0.04276773,0.939794995
0.039107386,0.046218672,0.854052505,0.060621438
0.011826433,0.009947431,0.89496298,0.083263156
0.005398284,0.003808722,0.944981023,0.045811971
0.0054967,0.345635105,0.061942753,0.586925442
0.002127602,0.003848446,0.970141699,0.023882253
0.001281111,0.019280656,0.021011104,0.958427129
0.001336633,0.037392538,0.022438354,0.938832475
0.010624238,0.030997891,0.929997789,0.028380083
0.004714343,0.181885141,0.040999868,0.772400648
0.007913523,0.004010828,0.930514372,0.057561276
0.006347765,0.683874355,0.043069043,0.266708837
0.002255357,0.050334656,0.036521569,0.910888417
0.005151237,0.007409469,0.949122844,0.038316451
0.006607094,0.004675848,0.845390217,0.143326841
0.008246759,0.016967164,0.917585703,0.057200374
0.001530286,0.021153807,0.020771393,0.956544514
0.003545757,0.238723855,0.062919585,0.694810803
0.008287784,0.008069303,0.880656004,0.10298691
0.004047151,0.648898837,0.047409885,0.299644128
0.01160682,0.005035776,0.941455726,0.041901677
0.003453208,0.086145777,0.04525655,0.865144466
0.004184791,0.329074403,0.079930129,0.586810677
0.002888096,0.010372644,0.02188989,0.96484937
0.001587021,0.012319968,0.02654354,0.959549471
0.001676075,0.033271029,0.021217042,0.943835853
0.02026032,0.008687918,0.869404217,0.101647545
0.001433599,0.030384773,0.029203059,0.938978569
0.005694461,0.008297024,0.898418616,0.087589898
0.002383916,0.041173033,0.030553995,0.925889056
0.028729747,0.013901643,0.864314479,0.093054131
0.001827757,0.048700694,0.04118287,0.908288678
0.024968235,0.009180188,0.907542584,0.058308992
0.029868492,0.012368547,0.878953854,0.078809106
0.00645262,0.004933159,0.928779534,0.059834688
0.002602164,0.00391209,0.967806673,0.025679073
0.002406021,0.003123129,0.975285129,0.019185721
0.014843958,0.004483892,0.95495838,0.02571377
0.003139177,0.111941815,0.060597261,0.824321748
0.021311399,0.016409136,0.782693437,0.179586028
0.002436248,0.258316157,0.048336646,0.690910949
0.001272327,0.015595505,0.024754141,0.958378027
0.002956195,0.076398172,0.04203268,0.878612953
0.007458104,0.009444038,0.951584964,0.031512894
0.010337284,0.003710299,0.929247919,0.056704499
0.001176609,0.017595322,0.019229985,0.961998085
0.003456755,0.345185846,0.065987112,0.585370287
0.015568485,0.016318982,0.792541479,0.175571053
0.002366832,0.074741526,0.026536348,0.896355294
0.004074279,0.0695263,0.03499659,0.891402831
0.005050576,0.010114775,0.946784518,0.038050131
0.002351079,0.011704559,0.948366509,0.037577854
0.022238473,0.037844811,0.852060618,0.087856099
0.004724148,0.003875006,0.960760977,0.030639869
0.007244811,0.006361786,0.951808312,0.034585091
0.004640014,0.006050848,0.924441285,0.064867852
0.002237421,0.250893534,0.035174857,0.711694188
0.002034764,0.004605471,0.97751206,0.015847706
0.004899307,0.006052375,0.94902957,0.040018748
0.004523833,0.004047147,0.965575444,0.025853577
0.001374234,0.032956644,0.021614722,0.9440544
0.006493055,0.004802761,0.950794074,0.037910111
0.012256111,0.003821146,0.952806241,0.031116502
0.003620179,0.477092294,0.050396326,0.468891201
0.004382591,0.005750465,0.95074182,0.039125124
0.00322651,0.166673437,0.043087612,0.78701244
0.020105276,0.004319822,0.940246623,0.035328279
0.003144454,0.095340042,0.035708942,0.865806563
0.004893068,0.004009029,0.961438864,0.029659039
0.003341074,0.298979626,0.061630457,0.636048844
0.005454478,0.003368201,0.951883586,0.039293735
0.002246774,0.00573935,0.966096113,0.025917764
0.007833416,0.006845481,0.964267737,0.021053366
0.011319394,0.011054043,0.777260357,0.200366206
0.005534091,0.036921568,0.049905309,0.907639032
0.002265711,0.39670424,0.04603657,0.554993479
0.011812192,0.01632013,0.880217429,0.091650249
0.006137674,0.020692585,0.940714267,0.032455474
0.002423099,0.002894378,0.969990741,0.024691782
0.003939568,0.004515889,0.943641755,0.047902788
0.002637042,0.007785554,0.909012726,0.080564678
0.02168388,0.009288159,0.902304508,0.066723453
0.005798896,0.00361412,0.962086874,0.02850011
0.003953066,0.004859745,0.952198478,0.038988712
0.030221771,0.022904343,0.888278506,0.05859538
0.003490677,0.393556158,0.07773044,0.525222725
0.0103671,0.013744447,0.873630634,0.10225782
0.006995997,0.004704095,0.96878189,0.019518018
0.023336434,0.004139858,0.93491674,0.037606968
0.001984896,0.075668958,0.039309545,0.883036601
0.002223363,0.142590908,0.035052469,0.82013326
0.004960031,0.007220139,0.970544061,0.017275769
0.007873494,0.020052337,0.941230541,0.030843628
0.003159062,0.008691213,0.962613271,0.025536455
0.033806644,0.006682701,0.913299795,0.046210859
0.0026582,0.056551879,0.030018745,0.910771177
0.003803606,0.005549711,0.967852331,0.022794352
0.006542619,0.008763832,0.736851749,0.247841801
0.006857494,0.003181691,0.965627989,0.024332826
0.003855722,0.006745333,0.923505915,0.06589303
0.005306395,0.379396241,0.060876437,0.554420927
0.002180619,0.038188342,0.042941429,0.91668961
0.002651399,0.102006012,0.050305288,0.845037302
0.005242644,0.004259691,0.914957867,0.075539798
0.006128856,0.005281777,0.962606434,0.025982932
0.002371368,0.071752912,0.026296894,0.899578826
0.001559525,0.020159062,0.033236991,0.945044423
0.01999342,0.011155575,0.907865748,0.060985257
0.005268632,0.008407439,0.93706509,0.04925884
0.003755832,0.007221414,0.968058201,0.020964552
0.003792087,0.418117727,0.093713058,0.484377128
0.002501291,0.110599799,0.044614178,0.842284732
0.006621321,0.005029766,0.936947658,0.051401256
0.016479546,0.0042921,0.943732767,0.035495588
0.009684485,0.009733931,0.939756182,0.040825402
0.037697023,0.038185932,0.868771353,0.055345692
0.005014398,0.007824431,0.926403575,0.060757596
0.001732896,0.03407223,0.03004264,0.934152235
0.004346254,0.009573888,0.948308597,0.037771261
0.002278463,0.127101149,0.031485346,0.839135042
0.001767557,0.031296011,0.047698862,0.91923757
0.006892517,0.006431977,0.94862795,0.038047557
0.012378327,0.017169548,0.930615488,0.039836637
0.007052005,0.007765782,0.958983761,0.026198452
0.001653137,0.028001766,0.037196369,0.933148729
0.002693861,0.166902979,0.081798726,0.748604435
0.040576252,0.014956158,0.892292397,0.052175193
0.004199993,0.008736317,0.945257234,0.041806456
0.011023132,0.004745258,0.932258117,0.051973493
0.002316973,0.005031924,0.971341622,0.02130948
0.002420109,0.005163259,0.975197441,0.017219191
0.061385911,0.012882589,0.801761453,0.123970047
0.006135098,0.775550135,0.048964264,0.169350503
0.002617395,0.006127679,0.954302986,0.03695194
0.021252754,0.019950231,0.89292792,0.065869096
0.055742962,0.011468161,0.904727624,0.028061253
0.003920038,0.062677114,0.058607559,0.874795289
0.007616941,0.005680516,0.914940525,0.071762017
0.007979927,0.004916014,0.946356946,0.040747113
0.010800913,0.011980163,0.922187694,0.05503123
0.002871522,0.003221119,0.970768668,0.023138692
0.009256858,0.626137133,0.067110976,0.297495034
0.004443302,0.182348713,0.054260901,0.758947084
0.008466204,0.006249192,0.946724037,0.038560566
0.002714822,0.033876055,0.033211106,0.930198017
0.009931619,0.009491774,0.919434544,0.061142063
0.003254416,0.196660702,0.078405133,0.721679749
0.003797218,0.002757389,0.96415743,0.029287962
0.00327873,0.004151768,0.972266278,0.020303224
0.002506103,0.032902351,0.066003848,0.898587699
0.034370156,0.013242713,0.825324843,0.127062287
0.001591013,0.029484861,0.028443927,0.9404802
0.007686534,0.007663983,0.874812695,0.109836788
0.011347357,0.024009443,0.888521029,0.07612217
0.001817963,0.045576881,0.045018295,0.907586862
0.024421563,0.006263207,0.926238509,0.043076721
0.003483505,0.490871546,0.053939543,0.451705407
0.020797089,0.011499922,0.789803576,0.177899413
0.007803656,0.009200823,0.933121135,0.049874386
0.012845846,0.09561787,0.046648923,0.844887361
0.008424677,0.006933363,0.957702037,0.026939922
0.002410937,0.004515652,0.952273533,0.040799878
0.047220813,0.011482025,0.894207623,0.047089539
0.005087054,0.432142509,0.116000241,0.446770196
0.011548429,0.003870707,0.919434266,0.065146599
0.009201004,0.006417031,0.946555845,0.037826121
0.002567633,0.046189098,0.038756473,0.912486796
0.006266233,0.003061482,0.967945902,0.022726384
0.018182678,0.020944667,0.871666849,0.089205806
0.016545602,0.008800742,0.943682977,0.030970679
0.004333897,0.124946659,0.11629968,0.754419764
0.003718596,0.003830924,0.963427818,0.029022662
0.009546351,0.00462885,0.947038423,0.038786375
0.002582078,0.570094973,0.032268137,0.395054812
0.001686081,0.024471384,0.021296712,0.952545823
0.005156567,0.007893108,0.937973547,0.048976779
0.011017294,0.004650261,0.869353686,0.11497876
0.047055432,0.016742123,0.8996151,0.036587345
0.007414067,0.004712983,0.948310874,0.039562076
0.002370607,0.079033979,0.025161043,0.893434371
0.00547229,0.004423807,0.942674678,0.047429225
0.040114987,0.006168651,0.901168278,0.052548084
0.001312011,0.014568596,0.024779931,0.959339463
0.0124084,0.005006693,0.933777696,0.04880721
0.004993342,0.003867382,0.944979405,0.04615987
0.002094271,0.051179072,0.027690863,0.919035795
0.007999979,0.00403433,0.953736764,0.034228927
0.02948691,0.007264359,0.931246165,0.032002566
0.004141507,0.006486584,0.95085151,0.0385204
0.003262772,0.263077187,0.076326076,0.657333965
0.041284593,0.008585749,0.91481832,0.035311338
0.002091181,0.002220092,0.979933335,0.015755392
0.004497782,0.006843503,0.938024775,0.05063394
0.006710299,0.048350211,0.904897596,0.040041894
0.004084345,0.005504517,0.937140657,0.053270482
0.003930419,0.007428756,0.9457953,0.042845526
0.002423306,0.20355368,0.047007956,0.747015058
0.020333039,0.135592083,0.815290886,0.028783991
0.002330999,0.054335342,0.052128966,0.891204693
0.006952932,0.005479246,0.949495663,0.038072159
0.002812335,0.043846773,0.030121559,0.923219332
0.00421851,0.003900971,0.959959675,0.031920844
0.003855407,0.004802607,0.971199024,0.020142962
0.001282779,0.026579479,0.032153994,0.939983747
0.005910491,0.386625793,0.060226463,0.547237253
0.002010322,0.088001021,0.042453144,0.867535514
0.00513364,0.005331336,0.945001194,0.04453383
0.002445355,0.00326444,0.972029933,0.022260271
0.001708914,0.655745129,0.028086597,0.31445936
0.004583433,0.007958051,0.932668485,0.054790032
0.002815084,0.003096036,0.970946963,0.023141917
0.011200885,0.093776608,0.047655357,0.847367151
0.016026915,0.008589777,0.832918783,0.142464525
0.009643887,0.013664402,0.874512254,0.102179457
0.016186676,0.014760081,0.940974538,0.028078705
0.033643379,0.016643017,0.85810024,0.091613365
0.030199325,0.006394894,0.924856824,0.038548957
0.004220275,0.004021344,0.952890228,0.038868153
0.003033495,0.003589999,0.964346847,0.029029659
0.006921534,0.00720496,0.945521245,0.040352262
0.009423075,0.190916546,0.058809695,0.740850684
0.002039794,0.013439064,0.018008316,0.966512826
0.001429214,0.018699091,0.023794776,0.95607692
0.001136523,0.024605967,0.017595636,0.956661873
0.005265795,0.440238054,0.046764018,0.507732132
0.002663296,0.040704756,0.058623591,0.898008359
0.004254573,0.221228234,0.050498381,0.724018812
0.007863784,0.003759285,0.960203826,0.028173106
0.026545151,0.016563183,0.77955311,0.177338557
0.001817411,0.026575602,0.034016615,0.937590372
0.002485726,0.055442217,0.04755982,0.894512238
0.005463481,0.006093334,0.912037373,0.076405812
0.015308589,0.007027615,0.883657192,0.094006605
0.020608599,0.006231232,0.927501323,0.045658847
0.001687951,0.039537155,0.024795988,0.933978907
0.003968581,0.101458125,0.035087139,0.859486155
0.002695261,0.269715999,0.04126036,0.68632838
0.024569119,0.006116181,0.9258242,0.0434905
0.002337061,0.204927711,0.055095989,0.737639238
0.002964308,0.003801032,0.968836726,0.024397934
0.004311304,0.003479087,0.961286308,0.0309233
0.028720978,0.006816269,0.900854531,0.063608222
0.012979458,0.006556223,0.906980584,0.073483735
0.001269614,0.033939341,0.032518261,0.932272784
0.008024651,0.009041538,0.953971668,0.028962144
0.004198602,0.003991124,0.970941652,0.020868621
0.002873726,0.004393591,0.974035115,0.018697568
0.003816094,0.014066647,0.952044029,0.03007323
0.005479466,0.007137523,0.93998223,0.047400781
0.003036757,0.004099621,0.962214251,0.030649371
0.005591548,0.003211926,0.961569098,0.029627428
0.00722897,0.020242689,0.932375495,0.040152847
0.005927491,0.004497828,0.962626758,0.026947924
0.003788785,0.004579702,0.939925413,0.0517061
0.00212459,0.003292194,0.969140513,0.025442703
0.005542087,0.007012437,0.972725066,0.014720409
0.003599567,0.004816486,0.963074423,0.028509524
0.009159776,0.008359043,0.949156564,0.033324616
0.009015974,0.016808032,0.901660339,0.072515655
0.001459745,0.029926981,0.023586197,0.945027077
0.002379819,0.039366063,0.040670643,0.917583474
0.00206884,0.02582374,0.031498911,0.940608509
0.003712286,0.065601387,0.046946151,0.883740176
0.004726812,0.00486284,0.958760471,0.031649877
0.001612608,0.037986693,0.04087294,0.919527758
0.01664688,0.010749849,0.933196906,0.039406364
0.032132849,0.017425252,0.861808058,0.08863384
0.001765275,0.039284668,0.060995569,0.897954488
0.021160272,0.004500004,0.948502457,0.025837268
0.006713949,0.004363695,0.941873025,0.047049331
0.002081375,0.104987478,0.033708188,0.85922296
0.006076312,0.013330479,0.940424208,0.040169
0.002362011,0.014472295,0.030839787,0.952325907
0.004473191,0.004503639,0.962392148,0.028631023
0.006285374,0.003134914,0.958348326,0.032231386
0.134959779,0.09871327,0.675951699,0.090375251
0.003814439,0.002837439,0.948173335,0.045174787
0.021669713,0.013991304,0.910744234,0.05359475
0.001964311,0.032059896,0.031819477,0.934156316
0.00409857,0.007278884,0.922320241,0.066302306
0.004882526,0.282408223,0.060410693,0.652298558
0.004085606,0.169462714,0.077471226,0.748980454
0.038946438,0.337758685,0.512614522,0.110680356
0.001779926,0.047898907,0.026551831,0.923769336
0.005246431,0.005147798,0.935428386,0.054177386
0.025285015,0.024078497,0.922119882,0.028516606
0.022659606,0.033493766,0.908001695,0.035844934
0.004222355,0.004284319,0.958482805,0.033010521
0.002903687,0.003853193,0.96409784,0.029145281
0.02156446,0.007655621,0.947193069,0.02358685
0.002347534,0.05693464,0.041304056,0.89941377
0.032057275,0.006998652,0.898105768,0.062838306
0.001507659,0.047782256,0.022604041,0.928106044
0.005604863,0.664047056,0.101219053,0.229129028
0.00264597,0.062312739,0.038626983,0.896414308
0.001333676,0.030264219,0.024090508,0.944311597
0.00206944,0.047087573,0.035200486,0.915642501
0.008456695,0.006089464,0.931081844,0.054371997
0.00590587,0.006355477,0.948718391,0.039020261
0.004277935,0.544886749,0.045016259,0.405819057
0.00192534,0.032467876,0.034079167,0.931527616
0.042417188,0.016998155,0.799638117,0.140946541
0.002503977,0.080319272,0.03963309,0.87754366
0.01363614,0.014750455,0.914955607,0.056657798
0.007586271,0.022319654,0.816151483,0.153942593
0.008739186,0.006232576,0.950447011,0.034581227
0.005831718,0.007397017,0.969968051,0.016803214
0.002060582,0.018987172,0.056665884,0.922286362
