0,1,2,3
0.00129229909048375,0.024842511560062487,0.027772711403081973,0.9460924779463717
0.03458316363570883,0.02014012874431643,0.8552332758757093,0.0900434317442653
0.006373354523622914,0.007698523031076092,0.9112198246338756,0.07470829781142524
0.0009375875853217435,0.03437490369677791,0.03343259553808341,0.9312549131798169
0.008965061610401257,0.009747060850500885,0.9242138023491375,0.05707407518996042
0.006059096493111864,0.0045144579363397795,0.9541845272374581,0.03524191833309061
0.00957333767372064,0.009005018437079407,0.8290211318938875,0.15240051199531246
0.007959518164716413,0.003728019825806621,0.946652721839172,0.041659740170304986
0.0029071035230626508,0.0028635971874389475,0.9465992199019795,0.047630079387519154
0.0013153081649752503,0.02247788008574953,0.036119341839556444,0.9400874699097189
0.002578836320341918,0.10388613165624982,0.03743727234078131,0.8560977596826269
0.0007841093957518846,0.011873522925460888,0.015383269991990755,0.9719590976867964
0.008598502219380511,0.00337317890749794,0.947060157924248,0.040968160948873615
0.0008801155378190025,0.013898713663201261,0.023045314379376902,0.9621758564196028
0.011463951694794753,0.004689882806924592,0.9266549064305509,0.0571912590677298
0.12272393718362377,0.014853971718119552,0.8080383992192048,0.05438369187905171
0.006310174310968449,0.004943058984994317,0.9333803364264519,0.05536643027758548
0.001257974836087431,0.7232069565243135,0.03911660391171372,0.23641846472788516
0.003678983705223337,0.5769204457290782,0.05832729008580291,0.3610732804798957
0.01308988252752254,0.02741379640336637,0.8984343276874475,0.06106199338166344
0.0015223209618225593,0.0035757047487552504,0.9639568206529677,0.03094515363645456
0.003891137766624549,0.012989053412352727,0.9290736516375253,0.054046157183497326
0.0020430278782134132,0.12134626102792492,0.05535113056013567,0.821259580533726
0.0011496397092838257,0.023377768819759302,0.03305969767503233,0.9424128937959246
0.0012442827958608997,0.0390416763872332,0.028798729214435742,0.9309153116024701
0.025767942860383437,0.023164017963542678,0.896577678238456,0.05449036093761791
0.0028311206907895804,0.003511436400409923,0.964606108078077,0.029051334830723335
0.0035168138694922748,0.006601581358839566,0.938075158879591,0.05180644589207713
0.005680658552485051,0.006469895833518367,0.9065837665243235,0.08126567908967317
0.0010571114892495629,0.017371438624470284,0.028595813777898015,0.952975636108382
0.015735402051552723,0.007947760473916482,0.9506263948061994,0.02569044266833125
0.013378734015925178,0.0033690089581980983,0.9542830370787383,0.028969219947138504
0.014312761199962904,0.014899917867761445,0.9360340632241921,0.03475325770808352
0.0009333753536145793,0.02628955121819911,0.028937503178711917,0.9438395702494745
0.3138628447631507,0.015536065729781768,0.5968358223940078,0.07376526711305968
0.004575929567373206,0.003174656628023668,0.9442285604099017,0.04802085339470147
0.0015576623478480724,0.10576354207605983,0.03742953966098689,0.8552492559151051
0.017940683174343035,0.06547374837404875,0.8731155238925788,0.04347004455902951
0.0009302527766831397,0.059091006862024266,0.023698298548859888,0.9162804418124327
0.006101668723903947,0.01026747602322414,0.7457045194010716,0.2379263358518003
0.002038430603552598,0.1391422258684634,0.05129849752172638,0.8075208460062578
0.05783939976033313,0.06339783520707404,0.6483769859807615,0.23038577905183133
0.0034950445550765443,0.018818107834429235,0.9484390289244132,0.029247818686081124
0.005121041619076108,0.009517291473001654,0.9496050535169914,0.03575661339093098
0.04874317970874974,0.005734369344172729,0.8935863200123583,0.051936130934719237
0.039751470812044824,0.007477288542270084,0.9153484494418885,0.03742279120379653
0.002351421266191379,0.15406653783410645,0.038379720263273874,0.8052023206364284
0.006997751123595684,0.003871931449893644,0.9665327590005818,0.02259755842592891
0.01098968683060068,0.004977196721756127,0.9507326241149995,0.03330049233264352
0.012108561565590767,0.041738342008089124,0.7770571428694845,0.16909595355683568
0.007722553194784126,0.008706259767269495,0.9253367310506049,0.05823445598734149
0.0009079332691729249,0.012934244325332333,0.024916312849477755,0.961241509556017
0.004580117592383555,0.008239664432367231,0.945116170582075,0.042064047393174056
0.001119485690750763,0.0545327012345402,0.026656266945618047,0.9176915461290909
0.00580594384232517,0.004390291370601777,0.9611470997324195,0.028656665054653425
0.0024097723383216694,0.044990593577947414,0.032484022294458105,0.9201156117892729
0.008979588959445266,0.009176297851796932,0.9531051654540134,0.028738947734744207
0.002940822028706447,0.0037850973093623876,0.9444503740893533,0.04882370657257794
0.0033957689233898303,0.05416245323875357,0.06485807959165997,0.8775836982461966
0.007637974751316961,0.008632997620302115,0.873220709258025,0.11050831837035593
0.0013053823205553918,0.04309593598028522,0.03489679303803818,0.9207018886611212
0.007189907241391198,0.005780571595484547,0.9423333421975968,0.0446961789655274
0.002529264525521131,0.17365506870602182,0.03574803106986761,0.7880676356985894
0.0020226513270973348,0.003383801523501921,0.9701277625813518,0.02446578456804895
0.007195571698805375,0.14546687291136012,0.07967346796643208,0.7676640874234024
0.008470349202869635,0.004039668274345087,0.9667308900421296,0.02075909248065576
0.018374897915372237,0.0040357112528241,0.9485931773342215,0.028996213497582125
0.06176534892546278,0.08901441890246085,0.7531536409009053,0.09606659127117105
0.01491407538797956,0.0257925234291664,0.8895867971304146,0.06970660405243957
0.005600956602615769,0.13374747585096897,0.06223368085639519,0.79841788669002
0.0029761447323490226,0.002735625296754995,0.9573951024787025,0.036893127492193575
0.007498521996929701,0.03249478409138978,0.8635196477562868,0.09648704615539369
0.005218908496529446,0.00359610510949291,0.9711320774324541,0.020052908961523522
0.008819210568973898,0.007594456696218668,0.9414300757281581,0.042156257006649364
0.001771741361692956,0.09477858349653108,0.04751285358219464,0.8559368215595813
0.009005899069303618,0.0062422026031721135,0.9431833722057641,0.04156852612176019
0.0038958905615658268,0.007386072272675468,0.8881985811602148,0.10051945600554398
0.002571278703738968,0.3307001637735334,0.06048684193795913,0.6062417155847685
0.0037873159740583846,0.24392046600085102,0.07606807932747175,0.6762241386976188
0.0039023018077630387,0.00861067462753857,0.9615336417407315,0.025953381823966948
0.014588202336125422,0.0070816462743211826,0.9015772588205972,0.07675289256895616
0.0030084665694275112,0.00397429249059777,0.9548519238504669,0.03816531708950778
0.001807161763536644,0.12556323429174593,0.0323887915837034,0.840240812361014
0.0026356424219556142,0.006912988970664895,0.8889112440157604,0.10154012459161907
0.00147470289197383,0.04401132469362185,0.0365416738541868,0.9179722985602174
0.0011099624296057895,0.015395018976371333,0.026861253150613263,0.9566337654434097
0.008211743183143622,0.010223813355811986,0.9415991109957795,0.03996533246526491
0.0008202439530108893,0.009689310102631275,0.02172649021167885,0.967763955732679
0.005845643225029135,0.011402250929721507,0.9596310446938648,0.023121061151384553
0.003938796805985721,0.32609853104219544,0.06588596972451916,0.6040767024272995
0.0041608972988791855,0.006181631441976779,0.9688388362043666,0.020818635054777372
0.0037882129281891453,0.00337976887782446,0.951857339779575,0.04097467841441137
0.0015453213201630622,0.002392189169131877,0.9715456166444474,0.024516872866257703
0.005468553219571556,0.00628684721415485,0.9623528328260832,0.02589176674019037
0.0009292620685331812,0.021400157651809817,0.01846013167854394,0.959210448601113
0.026609811194418864,0.005035483499527183,0.9195641359222559,0.04879056938379801
0.004823404581305335,0.00383770429311169,0.9358433105570045,0.05549558056857849
0.001453423629958009,0.046461202647167923,0.03020314746421197,0.921882226258662
0.014237051134351286,0.007754329289175391,0.9139087949997503,0.06409982457672296
0.001658513208255108,0.04185151716010059,0.05499829812394967,0.9014916715076946
0.011460205872701856,0.0071982476952580105,0.9226567801584779,0.05868476627356215
0.04056879223028894,0.004078272178473298,0.9215629780349014,0.03378995755633653
0.0028803709863859752,0.0025743700527021763,0.9744067686224076,0.02013849033850424
0.0007765130457835016,0.008280561055682294,0.01670242594710307,0.974240499951431
0.03260081731633678,0.008247408548618567,0.842570442788978,0.11658133134606648
0.016059475947041567,0.6368469709105018,0.073026296408935,0.2740672567335215
0.001541817686575811,0.027726394411477017,0.05430502598358866,0.9164267619183585
0.002245195749573687,0.030671903112821364,0.03888228571754164,0.9282006154200634
0.0006296969742922738,0.008641122927469904,0.015247783764910256,0.9754813963333276
0.0031894038399253215,0.008478392179034431,0.9422936546261906,0.04603854935484952
0.0010189274369783623,0.01125755572471546,0.029879820641971606,0.9578436961963345
0.0007871805539538168,0.016084470491627152,0.021804491911570283,0.9613238570428486
0.012687728402452025,0.010392389706607191,0.9005063835389503,0.07641349835199038
0.0029170487828327355,0.003038136908928583,0.9539210393416633,0.04012377496657528
0.010159010482550463,0.026051653438011364,0.8750564917676718,0.08873284431176652
0.0055532048764436615,0.008597402340383496,0.8307511953221045,0.15509819746106826
0.03144009083199236,0.013312738656074238,0.8186921460983324,0.13655502441360085
0.005215871382019046,0.006842948408449706,0.9499508906213293,0.03799028958820212
0.006017898848390585,0.078210309389471,0.031857666772500334,0.8839141249896381
0.0019552176989784454,0.007214603653962222,0.956743836790284,0.03408634185677537
0.0010977880929097013,0.012997763880869293,0.045995236757617616,0.9399092112686034
0.0032535729465359166,0.0030644916966464917,0.9612862002162583,0.032395735140559365
0.0085454165412911,0.00412824211444231,0.9659784954508822,0.021347845893384378
0.0024986235237986496,0.30212458020178046,0.033905888216937095,0.6614709080574837
0.00430116771382029,0.07312228069620415,0.0360913165531736,0.8864852350368018
0.0011966856067269958,0.013446140572168596,0.022558416833515782,0.9627987569875887
0.0019540108928163434,0.007889329951134087,0.9230956422613295,0.06706101689472026
0.002126576304275914,0.67797178981277,0.04111682642358842,0.2787848074593656
0.0015191283117476947,0.06106839218847586,0.03965633558988356,0.8977561439098928
0.04105234487856465,0.007983452649574098,0.8724987626716206,0.0784654398002406
0.013912950926347516,0.006817855600550012,0.9066243663580502,0.07264482711505224
0.008165228821047818,0.11559718290682101,0.06469618118615686,0.8115414070859741
0.005424128745559036,0.012914947792909113,0.846537173444767,0.13512375001676488
0.006229838731052162,0.16727658635044326,0.056381904568436184,0.7701116703500683
0.048291539667327965,0.014283855723707517,0.8889481210502097,0.048476483558754786
0.004236805267535346,0.4836353567865931,0.07509736112089768,0.43703047682497387
0.010632014241979203,0.01598848842027801,0.9428317699951348,0.03054772734260785
0.004271127907222968,0.003965697787747827,0.973985339175764,0.017777835129265278
0.014890247021168748,0.004385416843936124,0.9576420210326964,0.023082315102198932
0.0022048536941983274,0.4552740841083257,0.054456556219694655,0.4880645059777812
0.010245742809322955,0.004343729562243215,0.9627929097142458,0.022617617914188065
0.0012903832800258098,0.07068290746187424,0.033164870933222165,0.8948618383248779
0.009052013187782464,0.011641189599554682,0.9227721092397992,0.05653468797286363
0.006384875864356992,0.007214221975988628,0.9191291994462197,0.06727170271343465
0.0021306605240381045,0.0027348930548633825,0.9739965046101384,0.02113794181096025
0.002513975308321418,0.002155835002011888,0.9802304457928533,0.015099743896813397
0.017540136182671348,0.019815620309744035,0.678836762774714,0.2838074807328706
0.011746886410745614,0.014164209859993624,0.8839897970085167,0.09009910672074403
0.007431778566539073,0.00479283667995633,0.9238469146560584,0.0639284700974463
0.003012106209854564,0.004751271644388235,0.9264811646227125,0.06575545752304483
0.017847341492990724,0.011142025030743973,0.9335600221209688,0.037450611355296565
0.00781856487688867,0.011895935444834506,0.9037311332844625,0.07655436639381437
0.0012859928442794679,0.08098057749728652,0.03146910329296957,0.8862643263654645
0.002292745125455557,0.40950928883869864,0.05261922148565531,0.5355787445501905
0.0038347890246665205,0.0038824034285897787,0.9492334747505213,0.043049332796222445
0.002465735339259402,0.140470683283272,0.045285829529501394,0.8117777518479672
0.006215119578649842,0.00859846439559262,0.9621555049640509,0.023030911061706776
0.006124137738139598,0.002994981757102329,0.9639613278221587,0.026919552682599563
0.032306675169041246,0.006541126461834181,0.8917155452005161,0.06943665316860856
0.010678961594724878,0.00415608708005967,0.9500424723265576,0.03512247899865777
0.0015662143461594499,0.039682901477561594,0.0363877767136349,0.9223631074626442
0.0025712748534192074,0.02455988606272739,0.023189805407197835,0.9496790336766555
0.015283568453486001,0.003916010711245232,0.9233840924374406,0.05741632839782831
0.0012721256133911031,0.09837555667063752,0.025415901154450905,0.8749364165615207
0.003533398922343616,0.0038361798887626706,0.9719537694567487,0.020676651732145085
0.0015797561998078407,0.00311778103877039,0.9708816995941156,0.02442076316730606
0.04814087640257316,0.009466319509971113,0.8862963939129159,0.0560964101745398
0.017147557575055816,0.0071053578048845545,0.9293920501110753,0.0463550345089845
0.010722287043869773,0.005269103011393429,0.9565446349007498,0.027463975043987003
0.0027679285118388567,0.00602344989687227,0.9257911565183994,0.06541746507288954
0.00536739362257477,0.006447623033542906,0.9429240987028262,0.04526088464105627
0.00783342666666342,0.007382731854259301,0.9468726480589698,0.037911193420107396
0.025993078980248968,0.031188949290654872,0.8595983793031697,0.08321959242592639
0.0016370053152493136,0.02823494202030107,0.06480255036806566,0.9053255022963841
0.014503829201995092,0.008314274919602354,0.9515690018279932,0.025612894050409462
0.0007999780018029329,0.00791788131770008,0.02357272908740615,0.9677094115930908
0.021821037472562116,0.03334412862771376,0.8602372421432405,0.08459759175648353
0.009403094064662738,0.010623913516178557,0.9389305819199777,0.04104241049918107
0.0024982940381451193,0.0720265648828897,0.05257538148441102,0.8728997595945541
0.010444352321640819,0.006004898848574763,0.8473229324203337,0.1362278164094506
0.0008843786991112295,0.02292434054736328,0.020288408782367644,0.9559028719711581
0.003534118681769957,0.004072845587286354,0.9578288126843757,0.03456422304656777
0.0035716111547642706,0.1265988231828312,0.10956538176083519,0.7602641839015692
0.00542966796233193,0.0030901317876012207,0.9631216115999257,0.028358588650141254
0.0014050434109703805,0.0028515817976118457,0.9736886117246837,0.022054763066734227
0.0043917634953864896,0.1549521192475273,0.04235474492616679,0.7983013723309195
0.007383528926549361,0.01030708575956992,0.8242542955155073,0.15805508979837338
0.01088988971006105,0.0048401760911517076,0.9460658227024711,0.0382041114963164
0.0011548558782962077,0.0684755757489047,0.030045584205335835,0.9003239841674635
0.005440998840547383,0.009589823554625499,0.8390481465792021,0.1459210310256251
0.002735131229837562,0.0037919249515593243,0.9556618275838673,0.037811116234735785
0.014661296499229256,0.2777224531866088,0.0712158888963632,0.6364003614177987
0.0015601532338220918,0.06802047366129338,0.03863766940123964,0.8917817037036448
0.003020917287075764,0.0037595551587985255,0.9508093906822518,0.04241013687187378
0.01922929050868546,0.4882609270412395,0.10769967618108911,0.38481010626898593
0.0009616094613839781,0.032007626707209844,0.02502148975766171,0.9420092740737445
0.0008948101033139699,0.012341709049293713,0.02239871437548646,0.9643647664719056
0.0007103302578734316,0.014862789442916238,0.016597975525871566,0.9678289047733388
0.003726089964825958,0.2881215920021375,0.11313171407999496,0.5950206039530415
0.006398509620042685,0.014080911289325263,0.9025530115850625,0.07696756750556959
0.008020413084426883,0.017367383461585856,0.8034105005577027,0.1712017028962846
0.002937328310849775,0.006862526236832417,0.9434428062929954,0.04675733915932266
0.009282854551831903,0.5566475498491076,0.06206379664274568,0.37200579895631486
0.00738726606327539,0.007980902121853237,0.9282289529286734,0.05640287888619792
0.00768548645728802,0.029164794994864608,0.9176302106350273,0.04551950791282017
0.0045067349649694,0.05602621719093555,0.8945808044885528,0.044886243355542234
0.002610465226278338,0.09975938958159145,0.05200944238514442,0.8456207028069859
0.000703595692983263,0.012757157369868955,0.016657822063812354,0.9698814248733354
0.0014316920205203264,0.0034965270681868643,0.9763100998378768,0.018761681073415987
0.005496107752225567,0.3985160822584629,0.07605864845720789,0.5199291615321037
0.15979578721524673,0.010131835680039222,0.7504473514818448,0.07962502562286929
0.022804787784616476,0.006124046504640617,0.9341275418749244,0.036943623835818555
0.0037153542866062853,0.0037275236771674393,0.9077138714625057,0.08484325057372047
0.0009811650638241766,0.018181615135952397,0.030571400724461406,0.950265819075762
0.006483253820993798,0.004738511876001966,0.9495208268224111,0.03925740748059321
0.0025971753265862513,0.1353539435292397,0.04955755330303825,0.8124913278411358
0.007679591543283869,0.007243540977395972,0.929383292062379,0.055693575416941164
0.0007945991390331201,0.01731577461900052,0.023273090429480774,0.9586165358124855
0.0066930334885516125,0.008376506394642467,0.865877238923978,0.11905322119282784
0.0023965081374474504,0.004293172779207559,0.9327896574529216,0.06052066163042334
0.014247216838565589,0.0038806412113591903,0.9435171673146225,0.0383549746354527
0.0015223209618225593,0.0035757047487552504,0.9639568206529677,0.03094515363645456
0.004902638386582102,0.20938345673870362,0.09798655281008012,0.6877273520646343
0.004751393755212168,0.005632540757475111,0.9461071556102658,0.04350890987704705
0.0010902997102205554,0.021879071429800438,0.02984699777440531,0.9471836310855736
0.004395075720424933,0.003783252633893383,0.9458840287074128,0.04593764293826879
0.0008637833827917435,0.022280199382157678,0.03434922172330481,0.9425067955117459
0.004131331508158245,0.003672849832051249,0.9686069842254339,0.023588834434356578
0.006323628938992731,0.003624836496335405,0.944706125450651,0.04534540911402084
0.008095209082192441,0.0035864631586828163,0.946328136600434,0.04199019115869075
0.0018684249317593815,0.0387093090284174,0.026101261949151477,0.9333210040906718
0.0049105374905973305,0.007711318973008474,0.8817698801439864,0.10560826339240789
0.006446993266781334,0.006802205635700066,0.9136937074864118,0.07305709361110674
0.012445663727802887,0.010985887146910555,0.8696167690327179,0.10695168009256857
0.002203902730864656,0.03935223879880335,0.03661644975410087,0.9218274087162313
0.010151425609475141,0.007901782875896499,0.9120524318067857,0.06989435970784261
0.002338962968403546,0.33016207424030913,0.05203297514861564,0.6154659876426717
0.008181800469065303,0.005388193522216906,0.9373089378786419,0.049121068130075884
0.002083420570436469,0.12581384583675265,0.04452611075975971,0.8275766228330511
0.0271703079837535,0.007623781476630625,0.8952797099068237,0.06992620063279209
0.0016446126883902941,0.13107105234041588,0.04435856836246752,0.8229257666087262
0.0030916961734219345,0.00350637723609436,0.9660609656170923,0.027340960973391403
0.0025026612390463407,0.043921644021353776,0.057118430105509196,0.8964572646340907
0.002310032974612196,0.03257860020257461,0.0293635433078177,0.9357478235149955
0.008041546318016665,0.006057652187508864,0.9450514901259094,0.040849311368565136
0.006345415340045906,0.009381703048613101,0.9564913104535183,0.027781571157822676
0.005038563832464676,0.004217939293969357,0.9333693285488149,0.05737416832475106
0.01066797340104343,0.007609908136979848,0.934540263874467,0.04718185458751001
0.0033879311653755018,0.005747162979335765,0.9553660495569611,0.03549885629832775
0.0010323067849168234,0.019605730784880822,0.04194467852677165,0.9374172839034307
0.002541148489814643,0.17725903387443326,0.0663820341112685,0.7538177835244835
0.003913394596059169,0.053345306352968934,0.9098146087449583,0.032926690306013445
0.00797557647573724,0.008555410850050061,0.9584171473459921,0.025051865328220495
0.0007372548005436333,0.013081570056516282,0.015238246525882607,0.9709429286170577
0.0077646237569746574,0.003577932541597633,0.952078070870565,0.036579372830862614
0.005768326100345508,0.007952279126874047,0.922690480255803,0.06358891451697739
0.055911073360918606,0.010605814938375402,0.8858914283884747,0.04759168331223144
0.0037509139584088703,0.004143478369846181,0.9552297844912768,0.03687582318046812
0.0054601276239589465,0.0044606780763515414,0.8959882692743097,0.09409092502537979
0.0013458428927311731,0.03862893298340459,0.02599335843942254,0.9340318656844417
0.003968660389199521,0.5148123861769703,0.05920985031643278,0.42200910311739726
0.0013590280474831142,0.039200495549267286,0.030538353297623982,0.9289021231056257
0.01631262200876919,0.020898566321960226,0.9082667018489501,0.054522109820320484
0.02474626702550023,0.004453729520662136,0.9340010079554382,0.03679899549839945
0.005636532853150851,0.004848398249371317,0.9538742002597754,0.035640868637702564
0.00393264069515304,0.010536863517746345,0.9368042527049039,0.04872624308219669
0.002306342116528278,0.12139535146063969,0.06111782588801127,0.8151804805348208
0.007491599022402167,0.00837506116552469,0.9068643805299009,0.07726895928217234
0.003992903262396277,0.0035065446697256303,0.9638224324636757,0.028678119604202308
0.0006847851056986404,0.010367912889094548,0.01747983273396101,0.9714674692712457
0.003559362343421473,0.003943417040265802,0.9524850071650836,0.040012213451229225
0.0023999803687247373,0.26353653272031446,0.04435125447092391,0.6897122324400369
0.016517353951942336,0.012810013827024177,0.9392549524635025,0.03141767975753111
0.001687440136747547,0.004303240763297738,0.9431610637053428,0.05084825539461184
0.0030252310438116043,0.011628806176004782,0.9613071751299742,0.024038787650209316
0.006537157136458932,0.019119638424086188,0.870369579440972,0.10397362499848277
0.0009133815104168783,0.023840891707064805,0.026563439379863572,0.9486822874026547
0.0007738554259523566,0.009662704078423647,0.018954523002464717,0.9706089174931594
0.005340217233680925,0.005147985797632584,0.9048183059960193,0.08469349097266708
0.010492890655445713,0.006084184269437432,0.943055050605744,0.04036787446937305
0.0016835709877491497,0.002893941306121189,0.9739366241801607,0.02148586352596899
0.006630611099216183,0.0043699246667054745,0.9581324998306717,0.030866964403406454
0.0019492407881109089,0.005082754569012464,0.9602248442811344,0.03274316036174213
0.0038350468586689614,0.009992072745802135,0.8907102809462882,0.09546259944924076
0.010691996426285547,0.009164555660784689,0.9048748829866948,0.07526856492623477
0.005909747096791609,0.00496698693975613,0.9643309480109613,0.024792317952490966
0.025509788877424288,0.025429120494166846,0.8024021768574169,0.14665891377099202
0.0033281090003132565,0.0035452972210833038,0.9411067077738791,0.052019886004724514
0.0038551403952145234,0.00447277623189862,0.9588641864576175,0.03280789691526951
0.004989720172849231,0.011235719592774647,0.7798421529240919,0.2039324073102843
0.0016349108172340199,0.027510647742655003,0.024925868257962672,0.9459285731821483
0.003445476693468999,0.003543800876451233,0.9620603719669459,0.03095035046313387
0.013128153505422315,0.8262593553045956,0.046385238831231794,0.11422725235875027
0.004429274236046918,0.002988355775450889,0.939514658773227,0.05306771121527494
0.0031723057715727044,0.0033349435688789933,0.9487945715933332,0.04469817906621537
0.023708996001760504,0.004862687219240093,0.9255066344852254,0.045921682293774066
0.0010427181192129561,0.056306909435025164,0.02624371101914811,0.9164066614266139
0.007726075653916677,0.01146159883229053,0.9530492613096861,0.027763064204106725
0.005590818158382865,0.2050789536457,0.05553382985126818,0.733796398344649
0.017549423904699567,0.03198585637352053,0.9112504117040094,0.03921430801777047
0.019294777234663864,0.007552311416139093,0.8380087165074066,0.13514419484179047
0.0010232859754934751,0.01533734252214492,0.020180438218544948,0.9634589332838168
0.03191493199594127,0.007293200754097504,0.8338382485877316,0.1269536186622297
0.0011894394799337102,0.0038784379735660726,0.9725726275205521,0.02235949502594824
0.0041228666449550765,0.2639465323676927,0.0945246262506435,0.6374059747367087
0.005087117130471835,0.004752643460296928,0.9564271906208279,0.033733048788403386
0.0042378583975529755,0.005567754535304975,0.9527427113776371,0.037451675689504985
0.004620522564990083,0.00951173640915272,0.9542105962686043,0.0316571447572531
0.003759275984686022,0.21649364246411515,0.052640103785696966,0.7271069777655019
0.0027408146713543574,0.08736913627527564,0.06819356447777848,0.8416964845755913
0.0070581694810792,0.32197679519480016,0.07559480043516795,0.5953702348889527
0.0009887144996043504,0.04660769287125226,0.024930649710496477,0.9274729429186468
0.0007714806447566802,0.016868934033105833,0.019377383427222665,0.9629822018949149
0.0029137082948310026,0.19469904055028614,0.094456226433044,0.7079310247218389
0.0024628061761706455,0.034394240042624286,0.027188478084060264,0.9359544756971448
0.0038877672278156057,0.0023319518256295323,0.9765800127368347,0.01720026820972014
0.09373567297540379,0.022726413221902143,0.8024825234089512,0.08105539039374292
0.0014928702430184154,0.003965065797018998,0.9744101746128468,0.020131889347115777
0.0036945200338623155,0.017005104609260115,0.925326465323983,0.05397391003289446
0.002263935735492472,0.2658003935251913,0.04360328060349265,0.6883323901358237
0.004274512667148676,0.003833953307665456,0.9376555580085961,0.054235976016589714
0.05848594269277284,0.007519679345277944,0.8356875178786746,0.09830686008327442
0.006931212952988175,0.007009793253049639,0.9571782356136869,0.028880758180275346
0.005655373603458133,0.00407957921386737,0.939869028885392,0.05039601829728242
0.013809438137544604,0.008607078637724032,0.8977071807631104,0.079876302461621
0.0037784414884718966,0.0031544946851912712,0.9417483694967789,0.051318694329557844
0.0008707057857389016,0.016234682399911108,0.02166669884786169,0.9612279129664882
0.0010960121468106398,0.03687349752944394,0.027831293964966912,0.9341991963587786
0.004850104483969173,0.003797805570914193,0.9511876018658463,0.04016448807927032
0.023683453903369962,0.00500631620149281,0.9494867168527759,0.021823513042361523
0.005360043068256835,0.004543346850697352,0.964098830715416,0.02599777936562983
0.008462825031072395,0.00412401254893798,0.9547545066479752,0.03265865577201454
0.00908730124062596,0.0040097465380368996,0.9557957884188119,0.031107163802525224
0.003418820599184617,0.0036722921196324304,0.9260578499542401,0.06685103732694288
0.02558690755630242,0.011175593237117155,0.8514793439069048,0.1117581552996755
0.005403286980437046,0.00327211142579758,0.9329013405620821,0.05842326103168325
0.002320529032030818,0.004208618545792743,0.9696098391419186,0.023861013280257626
0.010750149720029111,0.21927821155744165,0.05766674561255567,0.7123048931099737
0.004205204447284569,0.006292547783553622,0.9599534388385693,0.02954880893059229
0.014768630719734782,0.09211319730774394,0.8039114227097516,0.08920674926276972
0.0011626577077627144,0.041033932406016924,0.024031644173818017,0.9337717657124023
0.0018053479858859787,0.029157118489891647,0.06546155456535288,0.9035759789588693
0.002574580913227176,0.004556396752824354,0.9513412295819537,0.04152779275199463
0.006555634903763377,0.09765316407377439,0.040530496417720614,0.8552607046047417
0.001124320719224359,0.018892269539943798,0.03274659721460695,0.9472368125262248
0.009451849151867212,0.00535113448805061,0.9475852488428383,0.037611767517243676
0.002255938590944304,0.10760712989219376,0.043794040383500744,0.8463428911333611
0.007328196434907665,0.003613559800761854,0.9685851765015311,0.020473067262799374
0.0020313871017954956,0.0029283879641729045,0.9621698923277526,0.03287033260627899
0.0006455577018142054,0.010043695970005585,0.02054378882980431,0.9687669574983759
0.004667374742151766,0.00792210138646625,0.9443210697765106,0.043089454094871374
0.0013652916037321919,0.00407215867763786,0.964188205235477,0.030374344483152883
0.0015273571376119483,0.044118334514262045,0.029267016724344258,0.9250872916237818
0.0008956473527145933,0.009959160480283847,0.017750638890615723,0.9713945532763859
0.0015071750984989888,0.057875029529327174,0.05901619274805806,0.8816016026241158
0.0021956825096986045,0.005071906705105863,0.9560028344082477,0.036729576376947806
0.0016093919163605978,0.07527846648305138,0.04347683083609295,0.8796353107644951
0.005460403062045489,0.006133856548522031,0.887040417952476,0.1013653224369565
0.006424252514062048,0.004889106701251539,0.9380745468356025,0.05061209394908395
0.0016028507718245477,0.0030892168178188427,0.9540887365831304,0.04121919582722618
0.0016128056156671506,0.0066459178679694406,0.9723014727525421,0.019439803763821525
0.010212525316632207,0.004717390807576016,0.9470973382740052,0.03797274560178656
0.0035044127815957228,0.003630297896251096,0.9280555489722758,0.06480974034987744
0.00589797266718612,0.005470919438242419,0.9394878920378179,0.04914321585675353
0.0012431574505958303,0.046435377897390405,0.03228281324844291,0.9200386514035708
0.00861778873516997,0.01533754899464386,0.8974176462568044,0.07862701601338166
0.006240485618005456,0.011407539831573221,0.7731079247519815,0.20924404979843966
0.0024786887649220126,0.3773825679050312,0.05166558907105508,0.5684731542589916
0.016220457192522825,0.007941221959456169,0.9257963937012581,0.05004192714676299
0.01251837828137638,0.014277116205823542,0.8224554561108313,0.1507490494019687
0.012928244809844175,0.0038336608610821223,0.9562768333130567,0.026961261016017153
0.004156841377429444,0.004545858371742634,0.9014220955875478,0.08987520466328007
0.0041732348436951325,0.008547868341712096,0.9075552127748552,0.07972368403973767
0.002132868799452289,0.14936490429604882,0.04390323244065637,0.8045989944638425
0.00491434572790027,0.003616742499319691,0.9425763113724592,0.0488926004003208
0.004341944754704995,0.010473494858241597,0.9323099213642168,0.052874639022836546
0.0016080729638804007,0.002632114219027484,0.9639295828012895,0.031830230015802506
0.02268240248374963,0.006953088226930269,0.9283838938366589,0.041980615452661255
0.007843707720183581,0.003874847845767688,0.9469778527305783,0.04130359170347052
0.006334387842768288,0.006471494736925742,0.9637677475123214,0.023426369907984794
0.0019571206327723555,0.21269315394063332,0.0429904339500365,0.7423592914765578
0.009683808966200063,0.005916303463103737,0.8411360384598396,0.14326384911085657
0.004448337372163867,0.0030022875135044293,0.9673133341030369,0.025236041011294712
0.004402293132654132,0.0053023220435870645,0.965942155015652,0.02435322980810687
0.019275215834395287,0.004374017693418279,0.9433424203322517,0.0330083461399348
0.020839896183276523,0.006500974109236888,0.9148146751054979,0.05784445460198884
0.0013109192453247009,0.010323779134615296,0.026120190355451857,0.9622451112646082
0.0009080792170249304,0.018247026740043703,0.02012444607973179,0.9607204479631996
0.00413496045024646,0.00555342976616343,0.9593563088714865,0.030955300912103433
0.003305487578396235,0.05383378383228762,0.9178021694831202,0.02505855910619605
0.007337116373128982,0.0066169086392893345,0.9460711817842957,0.039974793203285786
0.002482694445278333,0.25276088932275903,0.06631416045651807,0.6784422557754446
0.014559272817288593,0.009649154283372685,0.8765213309636308,0.09927024193570791
0.0016105187071794361,0.0020875351834796505,0.9588023138533057,0.03749963225603519
0.006178853604628681,0.01164955749148951,0.9394423642680787,0.042729224635803066
0.005804178287615225,0.006440679058014839,0.9356996949574625,0.05205544769690758
0.0016846823165411876,0.0035622585830957917,0.9671201351103751,0.027632923989988085
0.006608281673150444,0.01130333377880335,0.9228684658483965,0.05921991869964964
0.0005847173781286101,0.011207746976424491,0.013037719273543014,0.9751698163719039
0.0022778051395096763,0.005056865110331657,0.9435132149045474,0.04915211484561134
0.01580657668781943,0.01535953793749246,0.9355160391607502,0.03331784621393792
0.0008612235910760978,0.01697250642849665,0.02041126209505436,0.9617550078853728
0.012547373042416838,0.006922599315861413,0.9441433488098541,0.03638667883186769
0.004204383137670269,0.00657978448274346,0.9533255275937729,0.035890304785813495
0.0019464984140803645,0.14714155089062814,0.07909075208229459,0.771821198612997
0.033823686548858034,0.017242937601799683,0.7912344226577769,0.15769895319156543
0.00786427665436196,0.009968611981169983,0.9547037813425451,0.027463330021923076
0.0038681239534248324,0.007059823950376602,0.9404941527250615,0.04857789937113688
0.006498901655409397,0.006294403046127798,0.9512636068911802,0.035943088407282775
0.005914852459748808,0.003968704510399391,0.9645818931947188,0.02553454983513299
0.005904295161384051,0.0038030734553798845,0.9674970829090643,0.02279554847417186
0.004929252036656478,0.004286602362267704,0.9230489329048293,0.06773521269624633
0.004423895309026799,0.009343073874495534,0.9515158527552208,0.03471717806125699
0.007082610276730995,0.004735124891763415,0.9575614310592488,0.03062083377225689
0.003473030656072948,0.005822771285750585,0.966719175005202,0.023985023052974588
0.0014946565185603032,0.052398952344925566,0.045901776500496316,0.9002046146360179
0.0024858904024199846,0.035431026849287735,0.023779653711854167,0.9383034290364382
0.001302640878843044,0.05836963881949838,0.03923025467024217,0.9010974656314164
0.008949282099076259,0.009966763353008074,0.9503521558100694,0.03073179873784635
0.0009411279578003275,0.013637916747149457,0.018418745426236068,0.967002209868814
0.005335282015826272,0.00552978220093752,0.9240236764902287,0.0651112592930073
0.005575306351630029,0.005479068001111427,0.9263045626100835,0.06264106303717475
0.0015573837265496306,0.1405304812531401,0.030572247024540665,0.8273398879957696
0.004511009681006388,0.004502050249922955,0.9629971672166041,0.0279897728524665
0.0018523221587070523,0.5589723872777501,0.05443766742195254,0.3847376231415902
0.0016155425778229197,0.06379626791082059,0.035558696418947,0.8990294930924094
0.0009608096225279127,0.024873929842796006,0.018244498299291194,0.9559207622353849
0.0033944614602783403,0.17010195631521452,0.0594073058570118,0.7670962763674953
0.0027558364271425126,0.00298413588063921,0.9621656320774582,0.03209439561476002
0.005267788861797939,0.00486075452500076,0.9570690639202379,0.03280239269296319
0.00150695867480132,0.02833478538746283,0.05209637745322678,0.9180618784845093
0.000885989578120691,0.031011508374092778,0.020108275056784825,0.9479942269910018
0.0014499196940126924,0.05427940133550237,0.03130809606978056,0.9129625829007045
0.010131466350250232,0.007886402205760508,0.9499755262263614,0.032006605217628006
0.001046007115529035,0.025343571209894077,0.02761803046413728,0.9459923912104395
0.001608196040388351,0.0029555929051436774,0.9721227214624479,0.023313489592020148
0.004840322093586926,0.004722100001759102,0.9230495273013453,0.06738805060330863
0.001041802954325553,0.02694140652783573,0.027901847228709743,0.944114943289129
0.01013786883063201,0.004681421836534867,0.9454119015530923,0.03976880777974083
0.005519439761977248,0.00432912541260282,0.9221039838912697,0.06804745093415027
0.011251758741859158,0.00614962510032812,0.8592655577391446,0.12333305841866822
0.0021149593640236797,0.007515501430451317,0.9584890127721527,0.03188052643337215
0.0013857653954216951,0.0476482794668132,0.049071730795463966,0.901894224342301
0.0011928421819407036,0.020522310334647048,0.024026855037272556,0.9542579924461398
0.005260494965932573,0.004191587866246515,0.9225375615640777,0.06801035560374322
0.0010299292332458909,0.0369702207190826,0.02585681995741169,0.9361430300902598
0.0007928827863694808,0.013900237623308175,0.025605607236460614,0.9597012723538617
0.0027084171211081308,0.3070791122080718,0.06303739103903863,0.6271750796317814
0.003327154003793187,0.0037897417174323697,0.9681016836147431,0.024781420664031276
0.006810441876019089,0.01830969741139526,0.933357477133479,0.04152238357910671
0.002580509560796961,0.004451657531286419,0.9258715202546568,0.06709631265325985
0.00976830531823151,0.005070872562846867,0.9332212433327424,0.05193957878617903
0.0029329275426139482,0.0684633279614819,0.037087788997476084,0.8915159554984282
0.0023028691298421036,0.0032206313152789564,0.962919414280709,0.031557085274169894
0.0009514588073935119,0.01928355348673875,0.023384860743284726,0.9563801269625831
0.002326466662223974,0.18091543579685496,0.05798431686639127,0.7587737806745298
0.0050321596990148395,0.006369771610732039,0.9271331015365891,0.061464967153663876
0.03000600993789417,0.00700003488836302,0.9238937511352837,0.03910020403845908
0.0012196737005186105,0.028614334118050012,0.030743433167282917,0.9394225590141485
0.0018478057499078666,0.003622017286109648,0.9668702134909261,0.02765996347305631
0.003947248856609271,0.004373924584363473,0.9661539041485845,0.02552492241044276
0.0013956440433933574,0.05535618158840674,0.07190387824552305,0.8713442961226768
0.02447334897157152,0.010004533745079557,0.8751989726853797,0.09032314459796911
0.0026923479373636167,0.0047440443130635996,0.9703293757212318,0.022234232028340833
0.003900743023968152,0.004425240964000864,0.9616141338579773,0.030059882154053686
0.005610002529979699,0.0060978068139519925,0.9561363926669066,0.032155797989161405
0.0012787482346478412,0.002619054699127556,0.9667653823448251,0.029336814721399256
0.0008432626406388973,0.02200591190157764,0.03055390392066451,0.9465969215371188
0.005607400204683325,0.1655315120700605,0.056425929070489135,0.772435158654767
0.010536089687106214,0.008751084408998465,0.8666138679510181,0.1140989579528769
0.002707568964047232,0.005606067764078097,0.9541691973661504,0.037517165905724334
0.007900431524420715,0.04687957564736436,0.8703484127774631,0.07487158005075184
0.03240773418101887,0.007335793100693988,0.9318736042247633,0.028382868493523734
0.0028035883853631703,0.3034197030131292,0.068526535176205,0.6252501734253026
0.0035326771553532326,0.0030583797517584476,0.9688140920946353,0.024594850998253093
0.001985210698340169,0.28410918921468886,0.04616913885941325,0.6677364612275577
0.005575747893332515,0.00979505532964759,0.960515035260926,0.024114161516093836
0.0016101128954805473,0.036137247635956334,0.043099461140145824,0.9191531783284173
0.0020122756582657076,0.0036418378562638027,0.9473966965468733,0.046949189938597057
0.003360515006847832,0.0035673446174089283,0.953443063820656,0.03962907655508722
0.005693200605714552,0.007319798184438628,0.9381371863630787,0.04884981484676791
0.0012866490723283898,0.02641898206166381,0.03225638864701387,0.940037980218994
0.006902436453193636,0.720191748011192,0.09861092971330701,0.1742948858223074
0.0023420660417745247,0.002442995912571082,0.9764237625747615,0.0187911754708929
0.0010560098021406093,0.05430787349082582,0.032738096210311964,0.9118980204967215
0.012464103070586477,0.043449463499743664,0.8652880100899795,0.07879842333969045
0.0009736131517498186,0.03312871806876117,0.03782859508329768,0.9280690736961912
0.0009821730818596124,0.016928503265415354,0.02609626062984155,0.9559930630228834
0.0016725306801190446,0.0021685793069175494,0.9836098257053314,0.012549064307632089
0.08687745441034904,0.006992987736509563,0.8750895017051018,0.031040056148039407
0.0013644365646490024,0.04520571415995575,0.04554058654538813,0.9078892627300071
0.002943915957688077,0.00485230755773994,0.9677408368299497,0.024462939654622165
0.0014535310360665145,0.14201606844622164,0.03169215871698444,0.8248382418007274
